2047
2044
2045
2042
2043
1993
1999
1376
2051
2053
2055
2056
2059
1975
1974
1972
1968
1969
1965
1768
1786
1787
1777
1555
1803
1943
1940
1944
1945
1990
1994
1996
2089
2083
2081
2087
2085
1954
1957
1959
1958
1992
2094
2091
1923
1928
1987
1725
1859
1851
1856
1932
1937
1935
1934
1939
1938
758
1593
487
1847
1845
1909
1906
1904
1905
1902
1903
1900
1901
1876
1875
1873
2119
184
2116
2117
1918
1911
1910
1912
1915
1917
867
2025
2027
2020
2029
1686
1863
2108
2100
2107
2105
2104
2036
2034
2031
2039
1960
302
1898
1896
2130
2000
2006
2007
2005
2008
1798
2120
2122
2124
2014
2011
2010
2013
1650
1657
1986
1981
1343
2068
2069
2060
2065
2066
2073
2071
2070
2077
2076
2075
1984
1985
1983
1989
1746
478