5989
5986
5854
5851
4811
5531
5622
5995
5996
5992
5998
5847
2699
5872
5873
5871
5877
5874
5878
5879
2516
6078
5868
5864
5860
5764
6000
436
6008
6009
5819
5810
5813
5814
5815
5817
5927
5494
5783
5808
5803
5802
5801
5804
5937
5935
5934
5933
5930
3275
5240
5836
5834
5832
5833
5830
5839
6089
6086
6087
6085
6081
6064
6065
6066
6060
6061
2601
5232
5340
5821
5820
5827
5826
5829
5828
6098
6094
6097
5918
5914
5917
5916
5911
5913
5912
6073
6072
6071
6079
3069
5358
5462
5740
5969
5960
5962
5964
5966
2572
6043
6040
6041
6044
5213
1914
5750
5972
5971
5977
6058
6053
4841
672
5947
5945
5940
5948
5786
5787
5780
5789
6022
6027
6063
4323
5779
5775
5578
5951
5955
5954
5797
5796
5795
5792
5791
5798
6104
6100
5752
6039
6038
6033
6030
5407
3398
5546
5890
5891
5894
5896
5897
5898
6006
6003
6001
4279
5883
5880
5885
5888
6011
6017
2076
2920
1982
5425
3371
2461
5632