2318
2269
2260
2261
2267
2264
2443
2440
2444
1993
2305
2304
2275
2271
2191
2196
2197
2199
2204
2208
2209
2421
2423
2425
1819
1979
2187
2189
2432
2437
2435
2228
2229
2227
2220
2221
2154
2156
2405
2151
2400
2153
2158
2159
2409
2410
2414
2238
2231
2230
2235
2234
2236
2095
2094
2146
2145
2143
2142
2140
2418
2149
2136
2137
2390
2391
2172
2170
2171
2174
2178
2388
2169
2168
2164
2167
2161
2163
2162
1901
2288
2289
2282
2283
2284
2378
2374
2377
2118
2110
2298
2293
2292
2295
2369
2368
2366
2102
1532
2353
2357
2354
2355
2134
2132
2133
2131
1794
696
2347
2346
2343
2342
2348
2120
2123
2018
2330
2332
2335
2336
2244
2245
2247
2240
2067
2152
2321
2320
2326
2325
2324
2328
2257
2255
2253
2072