4446
4448
4449
4436
4684
4683
4527
4522
4657
4656
4650
4653
4652
4520
4659
4525
4521
4592
4182
4594
4620
4621
4628
4629
4536
4537
4633
4538
4670
4534
4532
4664
4632
4639
4666
4529
4421
4648
4290
4604
4603
4601
4512
4513
4511
4514
4515
4575
4672
4618
4611
4613
4615
4614
4617
2225
4506
4509
4409
4404
4608
4573
4576
4605
1822
4226
4087
4459
4561
4567
4566
4565
4568
4419
3842
3846
4585
4586
4581
4580
4558
4554
4589
4587
4434
4431
4465
4430
4432
3910
4543
4544
4461
3441
4591
4596
4598
4447
4689
4440
4443
4647
4445
4453
4452
4451
4411
4410
4468
4469
4462
4660
4485
4486
4480
4481
4483
4488
4489
4466
4661
4662
4009
4006
4479
4471
4473
4472
4476
4676
4671
4498
4497
4496
4493
4420
4426
4663
4399
4442