1799
1798
1495
1702
1706
1667
1663
1019
1334
1238
1849
1841
1535
1622
1627
1624
1629
1057
1696
1697
1756
1755
1754
1753
1751
1750
1179
1578
1474
1573
1478
1837
1834
1839
1379
1758
87
1713
1715
1714
1719
1653
1657
1632
1666
1430
1873
1459
1615
1613
1610
1821
1388
1387
1645
1647
1646
1642
1648
1583
1581
1584
732
1867
1513
1844
1817
1811
1812
877
1603
1606
1781
1786
1774
1771
1770
1096
1551
1553
1552
1557
1558
1414
1324
1858
1852
1857
1633
1731
1733
1732
753
1597
1596
1598
1744
1562
1564
1448
1382
1808