6150
6151
6157
6297
6371
6373
6374
3519
3838
4035
6147
6146
6144
6148
4729
4628
6363
6361
6216
6215
6212
5610
6408
6178
4753
6356
6357
6351
6196
6193
6221
6224
6225
6513
6426
6167
5865
5866
6346
6349
6348
6185
6183
6181
6189
6233
5463
6438
6244
6246
6400
6401
4160
6258
6255
5244
6396
6268
6067
6468
6338
6463
5823
6090
6092
6387
6383
6273
6272
5886
6411
6477
6283
6047
6045
6443
5979
6294
896
6455
6457
6456
5560
6114
4923
2130
6025
5416
6108
5172
6324
6323
6320
6131
6137
6317
6314
5553
6124
6126
6122
6012
6306
5630