1140
1141
993
814
719
965
1061
1060
1168
1087
1086
1083
1082
1081
961
1169
1124
1104
1018
1012
1103
1239
1136
902
907
904
905
1108
1246
897
335
854
855
850
853
747
749
741
744
746
994
712
1051
1052
1055
1190
1192
1174
1171
1270
1271
1058
1059
937
1069
1068
821
1063
822
796
795
794
792
799
798
1139
1138
1134
1007
1006
977
976
975
1013
861
1282
864
867
938
882
881
884
888
775
774
773
772
1042
1046
1049
1142
1143
1268
1146
1144
1264
1119
763
992
766
999
764
464
921
831
839
785
631
1073
880
1208
926
731
735
734
737
1033
1030
1034
1212
784
782
962
963
783
1107
1109
909
789
874
870
893
958
898
809
808
908
800
804
769
765
1076
1074
1094
1095
1097
1090
1154
1156
1150
1153
1152
983
981
985
913
846
844
820
733
980
750
754
758
738
1025
1027
1020
1189
1185
1028
1181
724
722
500
720
729
1165
1166
1160
1206
1201
1203
636
957
1111
465
1299
1117
1291
797
790