1213
1193
1195
1197
1175
1172
644
1376
1142
1147
1144
1145
1098
1155
1391
1128
1129
1125
1126
1127
1018
1019
1015
1012
1013
1231
996
991
993
1191
1177
1133
1132
1135
1134
921
1009
1008
513
1001
1000
1227
1105
920
922
927
1038
1033
1030
1036
1037
1210
1214
1455
1451
1108
958
1186
956
1192
1025
1024
1027
1026
1028
1035
1206
1201
1444
1114
1116
1119
1118
790
1107
1104
858
746
1050
1051
1052
1055
1057
1058
1059
1239
592
976
975
970
979
978
1089
1032
1043
1042
1041
1040
1047
1048
960
968
891
894
761
1078
1077
1074
1095
1091
984
951
953
1143
1069
1068
1060
1063
1064
1085
1084
1080
1111
944
942
1346
995
997
992
1020
1185
738
1113
986
987
1180
1165
1167
1162
1163
1364