345
346
347
340
341
342
343
298
299
296
294
292
293
291
191
272
274
278
524
520
522
523
529
442
441
440
447
444
32
436
434
435
430
431
339
338
335
334
337
336
331
330
333
332
349
143
498
495
496
497
490
491
493
405
404
403
409
408
378
371
370
372
375
376
392
397
396
395
394
399
247
246
248
511
513
512
514
458
459
452
453
454
457
183
2
322
320
326
327
324
325
328
329
205
204
208
542
543
540
541
415
416
417
411
413
418
319
318
310
317
315
368
369
367
364
365
380
381
382
383
384
385
386
387
388
389
259
252
250
507
504
503
500
468
467
466
461
460
463
439
355
354
352
351
289
280
283
262
55
534
533
532
531
530
539
538
203
428
422
425
424
427
426
300
302
303
304
306
307
469
465
487
485
484
483
482
481
480
509
472
470
471
476
477
474
475
479