4022
4028
5983
5980
3995
3994
3929
4932
6151
6153
6159
4935
4730
4737
4734
4738
5852
5859
3773
3772
4788
4655
4657
4688
4652
4658
1781
4149
4813
4817
4816
4815
4814
6378
4144
6372
6374
3519
6206
6208
5406
3441
5404
5182
5183
3397
3993
5458
5451
5452
5453
5455
5456
3345
4255
4254
5533
5532
5530
5536
5535
1875
5539
1280
4521
6573
6577
5629
6578
5623
4385
5620
3834
3835
3836
3837
3831
3833
4973
3838
4030
4033
4187
5993
5992
5999
4843
4349
4348
6149
4729
5847
5848
3749
3746
5853
4622
4629
5206
3690
4825
6363
6362
6360
6365
3088
2159
3527
3595
3522
6215
6211
4651
4650
4653
1972
4555
5195
1965
1612
5190
3674
3355
3351
5449
5448
5442
5441
5447
5446
5445
5509
5506
5504
5502
5503
6402
5618
6565
5615
3827
3824
3823
3822
3821
3828
2768
5006
4283
4284
4288
6179
6175
6173
4759
4751
4752
4753
4754
4756
4757
5870
5876
5874
5875
3759
3751
5371
3752
3755
3756
4637
4636
4638
2201
2045
1725
6354
4529
3683
4526
4525
4523
3686
6358
6194
6196
6197
4421
5296
5297
5295
5291
3531
3530
5058
5057
6223
6224
4662
6228
6229
6072
4333
4330
3587
3229
1604
5476
5477
5474
5473
3328
5479
5274
3971
1770
5273
5279
5519
5518
5512
5515
5517
5516
2996
4691
5605
5607
5601
5609
5608
6518
6519
1905
6512
6513
3812
3813
3819
6424
6425
6426
6427
4297
6428
6169
6161
6160
6163
6165
6164
4749
4741
4746
5868
5865
5867
5866
5861
5860
5863
4608
4602
4208
3549
5768
4719
4203
4200
4518
6342
4513
4511
4515
6187
6183
6180
4205
5281
5285
5287
5286
5049
5048
5044
3782
3783
3780
4992
4990
4991
6235
6231
6233
6232
3710
4380
3251
2853
2856
5461
5460
5465
5464
4189
5187
5265
5264
5261
4571
3658
5188
5189
3029
2981
2986
4198
4196
4195
3956
5671
5672
5673
4358
5675
5676
5678
4352
4353
6508
6501
6507
3809
3807
5709
5704
5700
4684
5702
4776
4773
4771
4778
4175
4170
4171
4682
4178
5818
5718
5810
5811
5813
5814
4683
4291
4612
4617
4680
2225
5920
5459
4505
4504
4507
5354
4503
5353
3406
1835
3795
3790
4985
4984
4986
6240
6245
935
5380
5382
5384
1958
3249
3240
824
4259
4400
5499
5494
5496
5497
5490
5492
5493
5257
5255
5258
5259
4974
6252
4067
4977
4064
6257
5663
5661
5667
5666
6530
5664
4347
4345
4342
4257
3878
3879
3870
3871
3875
3877
6403
6405
5715
5714
5710
3904
3906
3903
4761
4760
4765
4764
4766
4768
4166
4165
4163
4162
5800
5937
5936
5934
2747
4609
4570
4606
4573
4574
4575
4576
4577
4578
3655
3650
4604
3652
4605
4603
4601
4881
4882
2700
2702
4404
4405
4406
4401
6259
6258
4978
2141
4976
4972
5392
5397
5395
5399
4224
4225
1929
4226
4227
4222
4248
4223
5586
5587
3941
5585
5489
5488
5487
5486
5481
5583
5581
5243
5625
5624
4384
6524
5658
5659
5657
5653
5650
2894
2890
5244
3869
5246
4084
4086
4087
4088
3862
3861
3867
5240
3735
5729
6419
6418
4909
6417
5721
6410
6413
6412
4923
3911
4921
3918
4796
4790
4791
4792
5834
5832
4624
4155
4158
4159
5838
5839
4699
4032
4034
788
6089
6647
5902
5906
5907
5904
5905
5908
5909
3488
4563
4567
4566
4565
3648
3647
3646
4569
4568
3642
3641
6393
6390
5010
5012
5017
5018
5019
4890
4897
4895
4894
6264
6263
6261
4417
4416
4413
4412
6268
6269
6067
4960
3846
5126
5122
5437
3465
3460
5230
5231
5232
5233
5340
5349
6146
6145
5649
5643
5645
5644
5647
4097
4096
4095
4099
5735
5734
5731
5739
4853
6467
5556
5300
3922
3920
3926
5552
5656
4789
5301
4785
4784
4370
5820
4371
5824
4376
4140
3856
3854
3855
3852
6095
5915
5914
6387
6381
6380
6383
6382
3672
4557
4554
6389
6388
4550
4551
2548
5003
5002
3582
3259
3589
5009
4260
6270
6274
4621
4426
4308
4623
6073
2168
4952
4953
4951
4955
2616
4626
4718
4933
5135
5134
3292
5130
5228
5223
5222
5227
5226
3060
5359
4311
4315
4317
3670
5463
5720
1301
5466
5727
5740
5741
4228
4229
5746
5749
4221
5580
6471
6476
5588
3599
3939
3936
4581
3933
3932
5263
4138
4133
4136
5693
5690
5691
3845
3844
5694
5695
3849
5374
3916
5304
5305
5306
4043
4048
5968
5960
5966
3660
3663
4549
4941
4543
4544
4547
4943
2570
3691
4537
4318
2592
5039
5037
1871
6283
6043
6284
6286
4949
6281
6044
6048
5108
3288
5107
1916
5216
5214
5215
5210
5219
3970
3677
3989
5365
4597
5369
3524
4553
4303
4302
4306
5241
6447
6445
4238
4234
4233
4231
4230
5590
5593
5594
5596
5598
3948
3940
4210
4123
4121
4199
4127
4607
4124
5689
5685
5684
5681
5682
4218
4055
4050
3843
4361
5974
3610
3611
3614
3617
3842
5028
5020
5023
5022
5027
5026
4448
3725
6297
4934
6295
6291
6290
5577
5576
5113
5112
5573
5119
5118
5570
6069
3432
4592
4590
4596
4849
4594
4595
4598
4599
4842
5201
5401
5202
5204
5208
3542
3548
3645
5378
5370
1674
5357
6453
6452
6457
6458
5764
5765
5762
5760
5761
5568
5569
5564
5565
5567
5561
5562
3959
3957
4117
4114
4112
4110
4111
4118
4119
5143
4899
6603
6605
6609
4062
4063
4060
5943
5940
4893
5782
5783
3602
5363
5361
5366
5156
5367
6118
6119
6115
6116
6111
6112
4452
4451
4456
3737
4459
4458
3733
3730
4693
4926
6020
6022
6023
6024
2993
5164
5167
5168
4418
6336
4589
4858
4585
4584
6338
4580
4300
1856
4309
4969
4967
4966
4965
4078
5308
5302
6590
4321
4325
4327
2827
5416
5417
3967
5418
4213
5771
5770
5777
5776
4201
5574
4101
4625
4102
4106
3899
3892
3891
4204
3895
3467
5133
6617
5951
5950
5954
4075
4074
4071
4072
3966
5796
5795
5794
3961
5799
3639
3634
3635
3633
4611
2345
6108
6104
6103
6101
3708
3709
4469
3702
4467
3706
4463
1880
4916
4914
4915
4911
6039
6030
6037
5173
5171
5177
5175
5174
4868
4867
4864
4865
3563
3565
4484
4487
4480
4481
5613
4488
5319
5318
5311
5310
5317
5314
6587
6585
6589
3154
3211
4265
4266
5237
5548
5543
5540
5547
3707
3087
4656
5893
5895
5897
5898
5899
3883
3889
4664
4667
4661
4910
6624
4663
4008
4009
4001
4003
4004
4005
3972
3628
4942
3621
3620
3623
3622
3625
3624
4892
4715
4717
4710
4711
4713
6130
6136
6137
4120
3076
3960
4478
4125
4471
4472
4475
4477
6006
6002
6000
4677
4675
4672
4906
2245
5148
5345
5141
4877
4271
5343
6313
6314
5421
1028
5423
5098
5099
5090
5094
5097
4497
4490
4498
2934
5327
5324
5325
5322
5323
5320
5321
5328
5329
6178
4364
5436
5438
5439
4982
4272
4275
5555
6488
6489
5550
6482
6485
5883
3439
5881
5880
5884
5888
3180
6633
4019
4016
3988
3984
3985
3981
6129
6128
4705
4702
4709
4708
3750
4359
3768
6011
6013
6015
6017
4642
4640
4641
4644
3682
5159
2470
5150
4803
4805
4807
4808
2079
6309
6304
6307
4829
5083
5082
5087
5084
5330
3685
5338
3215
2178
3177
5428
5426
4648
6493
4249
4247
4244
4245
6499
5524
5632
5526
5527
5528
5529
3575
6545
6543
6540
5634
5636
4394
5631
5633
1365