5404
5458
5451
5455
5456
5533
5532
5530
5536
5535
5539
5629
5623
5620
4629
5449
5448
5442
5441
5447
5446
5445
5509
5506
5504
5502
5503
5618
5476
5479
5519
5518
5512
5515
5517
5605
5607
5601
5608
4992
5461
5460
5189
5671
5672
5673
5675
5676
5678
5679
5709
5704
5700
5702
5718
4612
5459
5354
5499
5494
5496
5497
5490
5492
5493
5257
5663
5661
5667
5666
5710
5399
4227
5586
5587
5585
5489
5487
5486
5481
5583
5581
5625
5624
5658
5659
5657
5652
5650
5729
5721
5437
5230
5649
5643
5645
5644
5731
5739
5556
5552
4376
3854
5463
1301
5727
5740
5741
5580
5588
5693
5690
5691
5694
5695
1871
5214
5365
5369
4553
5590
5593
5594
5598
5689
5685
5684
5682
5023
5577
5576
5573
5204
5208
2960
5378
5762
5568
5569
5564
5565
5567
5561
5562
5308
5417
5574
4072
5548
5543
5540
5541
5547
4711
4713
5345
5343
2794
5421
5320
5436
5438
5439
5555
4709
5428
5522
5524
5632
5526
5527
5528
5529
5634
5636
5631
5633