3993
4933
4936
4939
4656
2515
5180
5181
5186
5187
5185
4833
4834
4837
2739
5054
5055
5050
5052
5053
4958
4741
5046
5045
5042
5040
3788
4997
4992
3258
4771
4614
5078
5079
5070
5071
5076
5074
4980
4983
4982
4985
4987
5067
5060
5063
5062
5069
4979
4974
4970
4973
3009
5011
5012
5015
5016
5017
5018
4897
4968
4967
4965
4964
4963
4960
5124
5121
5002
5001
5005
5009
5008
4959
4950
4951
2949
4315
4319
5037
4544
5038
5036
5034
5032
5033
4944
4947
4946
4941
4942
4949
5102
5103
5101
5106
5107
5104
2979
5100
5029
5028
5021
5020
5023
5022
5025
4932
4935
4937
4938
5115
5114
5117
5116
5113
5112
5119
5192
5013
5019
2354
4920
4929
4928
5160
5161
5162
5168
4589
4853
642
4918
4915
4912
4913
4910
4911
5173
5170
5174
2905
4713
4908
4903
4904
4907
5143
5099
5092
5093
4988
4856
3980
5159
5153
5152
5157
5089
5088
5082
5087
5086
5085