4931
4932
4935
4737
4734
4738
4788
4655
4813
4815
4814
4973
3838
4843
4825
4759
4751
4752
4756
4757
4333
4749
4741
4745
4744
4719
5049
5048
4997
4991
3251
4358
4776
4773
4778
4985
4986
3240
4974
4977
4761
4760
4766
4881
4978
4976
4972
4224
4923
4921
4795
4796
4790
4791
4563
4565
5010
5012
5019
4891
4890
4897
4894
4412
4960
4853
4785
4784
5003
5002
5000
5009
4955
4933
4228
4048
4941
4547
5039
5037
5034
4948
4949
4234
4448
4934
4849
4899
4893
4452
4456
4693
4920
4926
4925
4858
4855
4967
4966
4965
4611
4616
4916
4915
4911
4863
4867
4865
3369
4910
4942
4892
4906
4877
4982
3180
4705
4803
4805
4807
2079
4829