1200
1088
1432
1433
1198
1190
1173
1171
1170
1285
1284
1287
1282
879
1289
1349
872
1372
1374
1507
1365
1362
1117
1140
1141
1146
1145
1148
1149
760
1384
1098
1309
1159
1158
1154
1157
1156
1153
1394
1391
1257
1255
1253
1493
1122
1124
1125
1234
1230
1238
1194
1176
613
1131
1136
1226
1224
834
1212
1216
1217
1215
1218
1455
1451
1022
1204
1207
1203
1446
1444
1443
1106
1104
1102
1103
1101
1184
1053
1272
1273
1275
1276
1490
1306
1307
1303
1308
1239
977
973
1046
1045
1269
1268
1262
1261
1260
1267
1266
1265
1467
1317
1316
1315
1312
1310
1318
1233
1330
966
1240
1078
1079
1077
1074
1075
1072
1094
1095
1090
1091
1415
1320
1325
1252
1250
1251
1258
1259
1484
1062
598
1403
1335
1336
1241
1248
1111
948
1348
1346
990
1086
1421
1425
1352
1357
1356
617
1110
1115
1292
1293
1290
1291
1209
1189
1164
1167
1161
1169
1298
1296
1366
1367
1364
1361
1369