1627
1626
1759
1757
1754
1753
1752
1751
1372
1378
1247
1612
1613
1769
1763
1761
1764
1765
1784
1786
1814
1810
1811
1818
1819
1609
1849
1776
1771
1770
1773
1550
1807
1804
1801
1800
1809
1700
1701
1702
1704
1707
1708
526
1832
1833
1830
1831
1836
1835
1838
1713
1712
1717
1715
1719
1828
1821
1923
1726
1727
1724
1722
1723
1584
1214
1858
1853
1855
1856
1857
1935
1938
1739
1738
1731
1730
1733
1732
1734
1737
1736
1848
1842
1841
1840
1847
1844
1909
1906
1904
1905
1902
1900
6
1735
1696
1697
1695
1692
1690
1691
1699
1877
1874
1872
1870
1871
1918
1911
1910
1917
1681
1683
1682
1685
1689
1317
1316
1314
1313
1312
1311
1318
1861
1863
1862
1865
1864
1867
1866
1868
1788
1678
1676
1670
1673
1320
1898
1894
1895
1896
1897
1890
1892
1893
1793
1792
1791
1790
1668
1667
1665
1664
1663
1662
1660
1889
1888
1886
1885
1882
1881
1348
1501
1749
1644
1646
1641
1643
1649
1648
1424
735
1634
1637
1638
1639
1740
1742
1743
1364
1563