3382
1866
4026
4024
4025
4022
4020
4028
4029
2918
3995
3993
3992
2919
3381
2318
2319
2316
2314
2313
2311
3773
3771
3770
3777
3776
3775
3774
2496
2269
2260
2261
2266
2267
2265
2440
2449
3690
4149
4148
2045
3198
2048
2839
2838
4031
2737
2836
2639
4142
3159
3519
3518
3513
3693
3510
3517
3239
3515
3514
2689
2687
2680
2681
2682
2683
2631
2630
1990
3209
3208
3859
2860
2862
3696
2864
2865
3348
3340
2819
3431
2272
3433
3435
3345
3437
4183
3835
3830
1344
2960
3092
4030
4039
4038
2333
2526
3205
2309
2300
2303
2304
3748
3749
3746
3744
3745
3742
3743
3741
2887
2275
2274
2277
2270
2273
2404
2278
2705
3454
2459
2458
2455
2451
2055
3778
3526
3522
3523
3520
3087
3528
3086
3225
2699
1976
2696
2695
3082
2693
2691
2690
3232
3233
3231
2872
2876
2875
2874
2879
3354
3356
3351
3358
1768
1769
2548
1540
2648
1786
2388
3880
3323
3827
3580
3825
3823
3822
3820
3582
3829
3256
2768
3584
3042
4133
2763
3589
2760
3202
2764
1076
3751
3753
3752
3754
3757
2190
2194
2195
2197
2198
2199
2200
2201
2203
2204
2205
2206
2207
2208
2421
2422
2424
2426
3680
3687
2514
2517
2512
2513
2734
2736
2730
2732
2733
2739
2797
3531
3530
3533
3536
3539
1810
2795
4135
3228
1606
2846
2847
2845
2842
2843
3326
3327
3328
3329
2998
2990
2992
3037
3030
2995
3735
3468
3602
2694
2805
3600
3724
3455
3595
3811
3816
3815
3818
3605
2973
1840
2777
2331
3685
2182
2181
2180
2186
2185
2184
2213
2212
2211
2210
2217
2215
2219
2218
3375
152
2977
2437
590
3762
2509
2507
2504
2503
2502
2500
2722
2721
2720
2728
3789
3699
3374
3716
2649
3250
1941
1253
1250
3767
2857
3338
1709
3200
3217
4188
2834
2989
3029
3026
2981
3023
2986
3021
2984
3952
4195
2489
2484
4075
3808
3807
3801
3800
2480
4172
2466
996
2709
2226
2222
2220
2089
2080
2086
2087
2084
3575
2532
2533
2531
2536
2537
2534
2712
2710
2711
2716
2717
2715
2718
2719
3347
3344
3408
3795
3794
3791
2155
2156
2157
2153
2158
2409
3249
3240
3247
3246
3244
3227
3308
3306
3307
2824
3302
2825
2415
4060
4062
2792
4061
2790
3018
3019
3012
3016
3017
3014
4181
2882
2883
2881
3226
2884
2885
2888
2889
3342
3878
3879
3870
3871
3872
3873
3874
3876
3877
2741
2958
3272
2474
3273
3904
3905
3906
3901
3903
3113
3908
3112
4166
4164
4163
4162
4161
2742
4169
4168
3090
3474
3470
3471
2239
2238
3472
2235
2234
2955
2236
3574
3301
2747
3496
3571
3494
3495
3490
2095
2094
3658
2090
2092
3656
3572
3650
2098
3652
3653
2524
2523
2667
2529
2662
2708
2701
2703
1824
2147
929
2413
2144
2142
2417
2140
3276
3274
1923
3271
3278
3279
3476
3477
3473
3478
3479
2315
3223
1726
3330
3311
3003
3002
3725
3009
2414
3337
1370
3863
2898
2895
2894
2897
2896
2891
2892
2419
3334
2796
1458
3097
4080
4082
4084
4087
3860
3866
3737
3831
3731
3730
2136
3913
3911
3919
4156
4158
2401
4032
4034
4037
3094
3285
2606
3488
4139
3480
3483
3485
3484
3487
3486
2753
3647
3646
3645
3643
3642
3641
3640
2551
2554
2556
2559
2397
2392
2393
2390
2391
2398
2399
2778
2779
2770
2771
2772
2773
2776
2802
2964
2803
3841
2170
2177
2179
2604
1421
3280
2600
3847
2602
2608
2609
3260
3848
3269
3464
3461
3361
1585
2586
3071
3072
1591
3078
2957
2952
2953
3785
2402
2373
3706
2479
3108
2400
3100
2000
3102
3103
4091
3705
2302
3926
3927
3929
4147
3856
3857
3855
3852
3850
3851
3858
3294
3665
3234
3679
3672
3671
3676
3677
2542
2541
2547
2549
3662
2380
2383
2382
2385
2384
2387
2386
2389
3583
3586
3588
2762
2761
2767
3668
3290
1845
1844
2169
2168
3251
2165
2164
2167
2166
2161
2162
2617
2616
2615
3253
2611
2610
3254
2619
2618
3292
3299
3452
3453
3457
3458
3293
2463
3867
3864
2574
3063
3062
3061
2913
3065
3064
2946
2944
2943
2941
2940
2595
3261
3117
3111
1472
2597
3336
2594
2596
2804
2590
3599
3598
3937
3936
3930
3932
2592
4130
4131
4132
4136
4137
4046
4047
4043
3910
4088
2288
2289
3666
3661
3660
2281
2282
2283
2284
2285
2286
2578
2579
2576
3268
2570
2378
2374
2377
2370
3692
2372
4155
3593
3592
3591
3590
2593
3695
3469
3697
2118
2119
3137
1343
2130
2110
2111
2112
2113
2114
2115
2117
2621
2626
2627
2624
2629
3289
3283
3448
3445
3444
3443
2757
2754
2027
2020
2751
2758
2759
3728
3970
3989
2978
2979
3058
2972
3054
2598
3052
3053
3051
3524
1260
2985
3286
3095
3020
4212
3128
3123
3121
3126
3127
1469
3977
3447
3948
3949
3446
3940
3942
3944
3946
3440
2756
4129
4128
4122
4127
2755
3405
4055
4054
4051
4059
2692
2983
2669
2299
3615
3617
2293
3619
2290
2297
2295
2294
2787
2569
2568
2560
2565
2564
2566
2365
2360
2582
2581
2580
3726
3721
3722
2109
2108
2103
2102
2100
2106
2104
2638
2635
2634
2636
2633
3527
3765
3438
3439
1536
3430
3432
3434
2037
2034
2744
2039
3545
3546
3099
3541
3542
3011
3548
3549
3966
2961
3649
2963
3040
3043
3044
3644
3521
3802
3139
3962
2497
3959
3958
4116
4117
4114
4112
4113
4111
4119
2858
3295
2477
3059
3057
2970
3700
4063
4066
4064
4068
2975
3603
3601
3606
3609
2478
2358
2359
2352
2353
2351
2356
2357
2354
3296
3738
3736
3734
3733
2137
2134
2135
2132
2993
2784
2640
2641
2642
2643
2645
2647
2781
3428
3423
3421
3426
2852
2996
3557
3556
3555
3553
3552
3551
3559
3558
2911
2912
2490
914
2178
4074
591
3140
3141
3143
3144
3146
3147
3148
3149
2826
2820
2822
2603
3964
3388
3129
3707
1937
3098
3969
3267
4101
4103
4102
4107
4106
4108
3967
1938
3898
2980
3890
3896
3897
3894
3895
3467
3463
3462
4079
4078
4077
4071
4070
3965
3502
2854
3503
3638
3639
3636
3637
3634
3635
3633
3507
2344
2341
2343
3372
2676
3708
3709
2121
2123
3194
2124
2126
2129
2410
2659
2658
3204
2653
2652
2650
2657
2656
3417
3414
3412
3410
3436
3418
3419
2015
3562
3563
3561
3566
2902
2901
2900
2904
2908
2487
3215
3216
588
589
3157
3156
3155
3154
2837
3210
3158
2833
2831
2830
1889
3284
3824
1737
3703
1736
3084
3081
3083
3945
3947
3887
3886
3881
3883
2481
3889
3963
2814
4008
2812
4007
3971
3628
3621
3620
3623
3622
3625
3624
3627
3626
2339
3073
3074
2010
2959
3714
3717
4120
3711
3076
3712
3077
3719
3718
2954
3079
2486
2248
2249
2245
2246
2247
2240
2241
2242
2243
995
2467
2462
2468
3400
3403
124
3404
3406
3409
3378
2068
2069
3376
2793
2062
2791
2065
2067
3264
3579
3578
3577
3576
2664
2663
2668
2939
2936
2934
2933
2931
792
2809
3168
3169
3166
3165
3163
3160
3365
3362
2416
3184
3185
3186
3181
3182
3188
3189
3397
4019
4018
4013
4011
4016
3396
3984
3981
3982
3983
3612
3101
2298
2323
2321
2320
2326
2325
2329
2328
3760
3761
3766
3768
3769
2493
2494
2259
2258
2257
2254
2476
3224
2473
4090
3681
4096
2785
2782
2079
2072
2070
2076
2075
2074
4098
3508
3509
2671
2670
2672
2674
2677
3686
2678
2928
4027
2920
2923
2922
2924
2906
3211
3213
3218
3219
3684
3222
2815
2811
2813
3179
3171
3172
3175
2945
3197
3305
3196
2743
2589
2588
3698
3193
3191