2030
343
2316
2310
2269
2263
2261
2264
2265
2188
2133
2048
96
1993
1625
1624
1628
1191
1753
1750
1177
1283
1579
1572
1570
1577
1574
1240
1379
2319
397
2307
2156
2053
2057
2405
1973
1615
1610
1611
1859
2388
2099
2190
2192
2200
2047
2427
2042
2342
1815
1819
2148
1608
1601
1602
2163
2434
2041
1777
1776
1771
1553
1556
1558
1974
2181
2180
2187
2213
2211
2219
2237
1804
2019
1948
1940
1621
1704
1850
2173
2221
2089
2083
2081
1991
1957
1711
1139
1131
2062
2085
1923
1571
2234
2049
2185
1826
1821
1823
2414
2411
1925
785
1727
1722
1721
1588
1582
1580
1586
1587
1584
1894
2135
2285
2139
2397
2392
2391
2398
1938
1736
1595
1596
1590
1593
1592
2000
2401
482
2302
2381
2380
2385
2160
1902
2128
2046
744
1057
1696
1697
1695
1692
1794
1302
1706
2282
2059
2377
1876
1874
1870
2110
2111
2114
2116
1851
2021
1968
1268
1469
1316
860
2296
2367
2365
2364
1865
2100
2036
1966
1962
1679
1677
1914
1522
1259
309
2353
2350
1891
2003
2009
2034
2118
1857
1798
1792
1791
1797
1667
1662
1661
1660
1630
1336
1933
1532
1538
1935
2127
2340
2348
2125
2015
2016
2011
2129
1653
1651
1656
1984
1432
1981
2157
1983
2339
1995
2010
2241
945
1748
1357
2162
2013
1516
2299
2008
2320
2327
2325
1563
2259
2257
2252
2056
1985
1635
1637
1989
1744
1745
1746
1747
1740
1568
1569
1561
1297