2316
2839
3514
3391
3206
3208
2862
3538
3349
3343
3347
3345
3580
3430
1573
3205
3203
3202
3526
3527
3525
3520
3521
3232
3230
3231
3234
3235
3238
2871
2870
2874
2879
2878
3355
3354
3357
3356
3350
3352
3359
3358
3320
3323
3324
1387
2760
3582
2518
2733
3537
3536
3586
3042
3229
3224
3227
3226
3221
3220
3222
2846
2842
3321
3325
3326
3328
3329
2998
3038
3034
2995
3032
3033
3036
2996
857
2689
2725
3250
3499
3254
3257
2858
2855
3330
3336
1626
2989
2988
2983
3026
3025
3023
2986
3021
2484
2868
3342
3340
3341
3346
3243
3242
3241
3247
3246
3244
1824
3308
3309
3304
3305
2145
2142
3013
3016
2887
2884
2885
3306
3310
3576
3496
3497
3492
3493
3491
3273
3279
3475
3472
3479
2727
3199
3311
3315
3004
3000
3003
1585
3316
2896
2891
2890
2892
2668
3489
3480
2559
2775
2777
2960
2607
3261
3260
1931
3369
3466
3462
3461
3460
3364
3366
3361
1734
3071
3073
3074
3075
2954
3079
2951
2945
3107
3100
3584
3589
2765
3253
2619
3299
3294
3452
3451
3456
3457
3454
3455
3458
3061
3060
3064
2946
3068
2942
2941
2854
3119
3118
3116
3113
3110
1478
2592
974
3288
3447
3441
3443
2750
2829
3384
2972
3057
3054
2977
3050
3051
3027
2981
3724
2980
2985
3129
3122
3123
3126
3280
3445
3616
2564
3438
3432
3433
3435
3437
3099
3542
3548
3549
2967
2966
2961
2963
2962
2968
3049
3041
3040
3046
3135
3136
3131
3130
3138
3056
2973
3603
2776
2359
2352
2351
957
3429
3428
3423
3422
3421
3427
3426
3425
3424
3551
2910
2911
2918
716
3140
3142
3145
3147
3148
3149
3385
3382
3383
3388
3093
3096
3094
3098
2923
3503
3504
3631
3506
3507
2653
3415
3412
3410
2016
2824
3562
3563
3566
3567
2903
2902
2900
2907
2906
3375
3216
3153
3152
3156
3159
3158
2831
3392
3088
3085
3081
3082
2128
2959
3077
2658
2955
2242
3400
3404
3406
2796
2065
3373
3372
3578
3571
2939
2936
2937
2935
2932
2931
2809
3165
3162
3163
3160
3365
3362
3184
3187
3183
3189
2255
1790
3508
3509
3502
2674
2921
2925
2926
3214
3215
3217
3211
3213
2815
3178
3172
3175
3174
3379
1749
3302
3303
3301
3194
3192
3191
3190
3198