4732
4730
4731
4736
4738
4789
4654
4657
4651
4653
4659
4658
4812
4810
4815
4597
4720
4723
4624
4625
4626
4828
4829
4825
4822
4531
4671
1963
2064
4758
4752
4754
4755
4757
4632
4638
4835
4836
4767
4663
4692
4748
4743
4746
4601
4684
4674
3801
4776
4777
4772
4770
4179
4610
4613
4884
2532
1958
4343
4760
4765
4764
4577
4888
4889
4880
4881
4885
4371
2419
4083
4798
4796
4791
3644
4898
4892
4891
4890
4895
1938
1595
4786
4781
3856
4551
4314
4315
4548
2026
499
3944
4052
4449
3727
4686
4685
4849
4843
4899
4066
4067
4893
4459
4690
4693
4695
4694
4699
4698
4859
4858
4857
4587
4583
4582
4211
3898
4664
4665
4666
4911
4868
4860
4866
4867
4864
4865
1439
4667
4661
4009
4714
4715
4716
4717
4711
4712
4718
4471
4908
4679
4677
4676
4903
4902
4904
4877
4876
4873
4879
4878
2164
1425
2156
462
1511
4756
4707
4706
4704
4703
4700
4709
268
2785
4803
4804
4806
2925
3173
728
4241