346
1138
1198
1175
1174
1170
1179
1006
1285
1284
1286
1281
1002
1001
680
458
1225
1222
1220
1371
1370
1373
1372
1377
1342
374
1244
243
657
1500
1367
1362
1142
1141
1146
1145
1149
1221
1543
540
1385
1386
1381
1091
670
808
801
800
807
805
804
1159
1156
1151
1150
1153
1152
532
538
1399
1398
1394
819
1255
811
812
813
816
1253
1492
1496
1497
1498
1391
1128
1129
1120
1121
1124
1125
1126
1127
1018
1015
1016
1017
1011
1012
1234
1235
1237
1230
1233
939
938
930
934
829
825
827
821
820
823
822
1483
1481
796
794
799
1274
1136
1135
617
1009
1004
1003
1000
620
628
1229
1228
201
928
929
921
923
924
925
927
832
833
830
836
837
838
786
787
781
782
783
789
1038
1033
1034
1213
1216
1214
1215
1219
465
1106
1104
1450
1103
1452
1458
1459
1108
1109
918
915
914
917
916
911
910
913
847
846
844
843
842
841
840
751
1024
1027
1031
1022
1036
1029
1037
1035
1204
1207
1200
1203
1202
1447
1110
1115
1442
1117
1116
1449
1448
450
1451
1100
902
900
901
906
904
908
909
854
850
858
742
746
748
1050
1051
1053
1055
1056
1058
1059
1270
1275
1276
1472
1473
1470
1471
1474
1475
1478
1479
1300
970
1087
977
976
974
973
971
978
869
868
863
862
865
864
867
883
887
886
885
884
888
776
771
779
778
1042
1041
1040
1046
1049
1269
1263
1261
1260
1468
1465
1466
1317
1315
1314
1310
1319
1318
964
965
966
967
960
961
962
963
969
878
879
876
877
872
873
871
891
892
893
897
898
768
769
763
761
764
1078
1079
1076
1077
1075
1072
1071
1094
1095
1096
1090
1092
1098
1099
1410
1411
1414
1322
1323
1321
1326
1325
1328
1256
1257
1527
1521
1529
959
958
951
950
952
955
954
957
956
667
1266
1265
1264
1068
1061
1060
1062
1065
1064
1066
1084
1083
1081
1080
1088
1400
1407
1406
1339
1338
1335
1330
1241
1243
1242
1245
1248
948
947
942
943
940
1437
1435
1433
1430
1380
1348
1349
1340
1343
1344
1503
1501
1504
651
658
659
997
996
991
990
999
998
1026
1185
1209
1421
1423
1424
1427
736
739
1359
1353
1355
1515
1517
1512
1446
284
1441
1440
1295
988
989
980
981
986
560
561
1188
1189
1186
1187
1184
1182
1183
1180
1181
721
728
1165
1166
1167
1160
1169
1366
1299
1292
1291
1296
1360
1361
795
793
475
1368
1369