343
1620
1627
1625
1624
1629
1628
1759
1757
1756
1753
1750
1177
1579
1572
1570
1577
1574
1610
1611
1762
1766
1767
1547
1815
1811
1608
1601
1777
1776
1771
1779
1551
1558
1840
1525
1621
1704
1839
1717
1139
1131
1008
1571
1821
1823
785
1727
1722
1588
1582
1583
1580
1586
1587
1584
1738
1737
1736
1595
1596
1590
1593
1592
1598
1696
1697
1695
1302
1685
1686
1678
1679
1522
1798
1792
1797
1662
1661
1660
1532
1538
1653
1651
1654
1655
1432
1887
1748
1643
1743
1358
1352
1357
1516
1563
1635
1637
1638
1639
1744
1745
1746
1747
1569
1561
1567