2316
2317
2313
2310
2311
2264
2442
2447
2444
2044
2048
2036
2309
2301
2300
2305
2307
2275
2271
2270
2273
2272
2278
2458
2457
2453
2053
1387
2191
2195
2196
2199
2200
2208
2209
2428
2425
2426
2427
2518
2515
2183
2182
2181
2186
2185
2184
2213
2215
2214
2219
2218
2431
2430
2509
2508
2505
2503
1949
1946
1994
1702
438
2228
2229
2227
2223
2221
2532
2533
2530
1857
2534
2535
2402
2400
1950
1825
2147
1270
2143
2239
2231
2230
2232
2235
2237
2096
2090
2092
1824
2411
2410
2413
2415
2142
2140
2418
2550
2559
2391
2172
2171
2176
2174
2179
2604
2601
2609
1429
604
2543
2541
2540
2548
2385
2384
2387
2168
2165
2161
2163
2162
2612
2619
2618
1904
2288
2284
2286
2287
2578
2576
2572
2570
2379
2370
2590
2119
2110
2112
2115
2623
2621
2024
2025
2026
2027
1916
2293
2291
2290
2568
2563
2565
2564
2363
2585
2589
2588
2109
2108
2102
2106
2358
2352
2354
1890
2137
2130
2131
2139
2642
2001
2008
2347
2346
2342
2121
2120
2125
2124
2128
2019
2014
2011
2013
2331
2332
2334
2339
2484
2249
2240
2242
2467
2460
2462
2468
2152
1926
2055
2320
2328
2497
2193
2256
2477
2472
1631