348
349
512
299
297
294
292
291
274
276
278
279
559
554
556
553
552
515
689
687
683
409
408
378
377
376
393
396
395
244
240
248
176
655
273
692
696
694
695
698
541
547
544
545
414
417
411
413
418
367
362
360
361
382
386
253
256
257
537
536
533
531
530
539
421
423
424
427
225
521
522
528
439
436
437
434
430
142
612
615
519
518
511
510
514
517
623
622
621
626
625
624
14
684
686
682
69
508
509
506
505
502
503
501
638
215
753
755
605
604
606
601
602
636
489
486
485
481
196
193
740
745
747
749
716
619
610
611
616
494
496
497
492
493
20
595
597
596
770
666
663
662
661
660
529
319
312
310
443
446
645
644
648
641
762
766
767
642
675
676
677
672
673
308
301
303
305
307
719
718
714
593
594
449
442
441
447
444
640
647
649
335
334
333
133
136
135
708
704
707
700
701
586
587
584
581
589
451
452
457
654
652
653
320
324
127
520
572
730
737
469
468
467
462
356
354
352
351
350
359
281
283
282
286
260
266
264
269
268
258
562
563
726
724
722
720
729
591
472
473
470
476
474
478
479