3994
3990
3968
5628
5626
5624
5622
5621
4734
2271
5442
5618
5619
5612
5610
5611
5614
5600
5603
5609
3813
5670
5671
5673
5675
5677
5678
5679
5708
5704
5706
5700
5701
5703
3161
3380
5662
5667
5668
5717
5715
5711
5710
5067
5748
5656
5654
4371
5653
2899
4089
5722
5720
5727
5724
5725
4159
3489
3840
5649
5641
5640
5642
5644
3109
5731
5730
5738
5743
5747
5690
5691
5694
5751
5750
5757
5756
5754
4236
5759
5591
5599
5689
5684
5686
5680
5683
5682
5199
5768
5769
5767
5764
5765
5762
5760
5761
4638
5411
5773
5772
5775
5777
5406
5646
4630
4803
2073
2929
5733
5632
5638
5639
5634
5635
5636
5630
5633