2687
5293
5180
5181
5186
5185
5189
5408
5458
5459
5452
5453
5454
5456
5533
5530
5536
5535
5539
5627
5624
5623
5620
5667
3740
5449
5440
5447
5445
5444
5509
5507
5504
5501
5616
5617
5614
5714
3823
4631
3689
5292
5291
5476
5474
5472
5478
5479
5274
5275
5277
5271
5278
5519
5512
5514
5517
5604
5607
5603
5609
5608
5768
5289
5288
2720
5280
5283
5282
5284
5286
5044
5465
5467
5469
5267
5262
5260
5269
1016
5677
5678
5679
3808
5704
5705
5706
5707
5701
4779
4617
5068
5077
3790
5382
5389
1482
5498
5494
5490
5491
5492
5493
5252
5253
5251
5256
5254
5258
5664
3870
5719
5718
5717
5716
5715
5713
5712
5711
5710
5393
5391
5390
5396
5395
5394
5398
5489
5488
5485
5482
5480
5249
5247
5246
5243
4089
5729
5722
5723
5721
5726
5724
5725
3913
4795
5010
5014
5436
5120
5238
5239
5233
5236
5345
5346
5347
5342
5343
5649
5648
5641
5640
5643
5642
5644
5647
5646
5734
5737
5736
5730
5733
5732
5552
6382
1903
5229
5223
5222
5224
5357
5352
5657
3337
5720
5727
5741
5742
5745
5746
5749
5586
5587
5584
5580
4137
5692
5693
5695
5699
4544
2573
4437
5108
1913
866
5217
5215
5210
5211
5363
5367
5368
5753
5751
5755
5759
5599
5598
5688
5687
5681
5680
5683
5682
4443
2031
5200
5202
5204
5192
5379
5374
5377
5370
4200
4201
5760
5568
5564
5565
5567
5562
4115
5708
5709
5780
5789
1046
2354
5163
4589
5308
5300
5301
5303
5304
5305
5306
4321
3146
5414
5412
5413
5418
5419
5771
5770
5774
5777
5776
5574
5127
4669
4910
5174
5318
5312
5311
5310
5316
5314
5406
5402
5409
4260
5542
5540
5541
5547
4670
5145
129
2066
5098
5090
5096
5097
5326
5327
5325
5431
5437
5434
5438
5439
4869
2402
4275
5554
5559
5558
4647
2254
5158
5156
5083
5080
5084
5331
5333
5332
5336
5427
5426
5421
5420
4249
5521
5524
5526
5529
5496
5638
5639
5635
5631