4027
4028
3997
3991
4731
3740
4538
4536
3825
4287
4527
4834
4330
4331
3035
5603
6413
4748
5289
5284
4191
4356
6438
3793
4061
4182
3878
3871
3872
3875
3904
3909
3655
6251
4973
5249
4376
4081
3869
4088
3644
4361
4097
4095
3926
4786
4141
858
3863
4310
4312
4224
5586
4040
4548
4435
4306
4304
4230
4126
5681
4053
4050
4598
3043
4338
3132
4060
3601
4450
3731
4588
2822
4102
4071
4073
4072
3632
3507
4664
4913
3561
4488
700
4239
4268
3887
3880
3883
3889
4004
4006
3970
3975
3978
4717
3717
4677
4874
4492
576
4275
3769