718
507
669
624
717
710
597
593
524
599
589
456
420
436
648
611
558
555
551
550
518
426
511
689
688
681
682
622
549
498
499
495
496
490
491
626
708
709
510
612
447
586
587
582
588
614
615
519
512
516
623
627
457
600
596
656
658
651
554
563
684
655
687
683
668
665
664
692
693
691
696
698
542
543
541
547
544
121
529
413
677
311
3
368
493
469
630
579
468
604
570
607
601
506
501
635
637
678
467
609
640
466
644
647
672
673
638
568
608
572
574
59
537
535
534
533
532
530
539
425
538
576
472
569
562
566
567
606
633
473
470
508
591
460
489
488
487
485
484
483
482
481
480
471
477
479