3991
4524
4523
4520
2447
4145
4529
3207
4256
511
4388
3834
4594
3839
4038
4348
4621
2278
4538
4539
2769
3829
4282
4283
4287
4284
3757
2201
4428
4429
4527
4336
4330
4331
3225
2992
3814
4297
4293
4292
4608
4607
4604
4602
4603
4600
2211
4208
151
4514
4515
4570
4574
3024
4198
4199
4193
4191
4359
4356
4357
2487
3809
4119
4175
4177
4171
4290
4619
4615
4500
4502
4509
4188
4182
4185
4187
4186
4347
4342
4341
4166
4571
3656
3650
4157
4409
4405
4407
4400
4402
3473
3478
4248
4380
4387
4386
3002
4384
1030
4370
4376
2895
4081
4085
4087
4151
4155
4512
4513
4563
4562
4565
4564
3646
3645
4419
4416
4415
4414
4413
4412
2602
4365
4367
4361
4363
1115
4092
4097
3921
3926
3925
4146
4141
4142
3857
3852
3853
4554
4553
4550
4423
4420
4421
4426
4427
4424
4425
3296
858
4310
4311
4312
4313
4317
4318
4585
4228
4224
4221
4223
1876
4133
3842
3844
4432
4044
4047
2282
3669
4549
4543
4542
4545
3598
4435
4436
4430
4438
4154
2024
887
4307
4306
4305
4304
4232
4230
3941
3947
4128
4122
4120
4126
4125
4124
4053
4051
3610
4355
4441
4442
3729
4448
4593
4590
4598
4569
4338
4203
4116
4117
4110
4118
4062
4068
4069
2353
4451
4450
4457
4455
4454
4584
4580
4411
4410
712
4322
4326
4215
4214
4217
4213
4212
4218
3092
4103
4102
4204
3376
4071
4070
3634
3632
3507
2349
4372
4469
4465
4460
4461
3417
4484
4485
4483
4488
700
4239
1987
4262
4263
4267
4268
3824
651
3887
3882
2017
4001
3710
3719
4479
4470
4473
4472
4475
4477
4476
4496
4495
4492
4491
4499
4273
4270
4277
4276
4274
4278
4018
4519
2074
2676
4398
1748
4391
4246
4244
4245
1562
4392
4393
4397