593
643
346
349
1158
597
582
962
100
1060
98
1082
1216
558
555
557
551
1438
1757
1756
1177
1176
1174
1172
1004
1860
1282
1002
1579
1578
689
877
1572
1571
516
683
1574
1348
875
622
620
407
1340
1373
404
1374
1376
1379
1219
409
1229
1245
375
374
1244
392
390
395
453
1246
298
247
972
1846
470
1862
178
176
171
1507
1605
1616
1612
714
1768
1361
1767
1142
1143
1140
1141
1146
1147
1144
1148
1149
1546
1547
690
1545
1543
694
540
541
416
1388
1389
412
413
1384
1386
418
1382
498
366
1775
1776
385
389
1073
1725
167
1097
1817
1810
1811
1813
1093
1087
1609
1608
809
808
803
802
805
1085
1777
326
1159
324
1155
1154
1157
1156
1152
1178
1555
1554
535
1010
536
428
1900
421
1396
1395
422
1393
1392
427
850
851
1424
1427
656
1163
125
1809
5
1183
1544
818
819
1255
810
1858
814
1253
1497
1708
424
1128
1121
1124
1125
1127
525
527
1019
522
523
1014
1015
528
1234
1235
1236
1230
1238
438
437
435
1436
1162
1455
997
238
239
993
1198
841
1537
1190
1832
1833
1830
1834
826
821
905
823
822
1826
1536
618
1481
795
1714
1718
798
612
613
1137
1136
1276
1277
925
518
1009
1007
1006
1005
515
514
1000
1227
1224
626
624
928
599
1475
834
998
682
1303
1827
921
836
838
839
491
922
787
1729
788
924
468
406
1582
1581
1586
1587
1039
508
1032
1033
1036
1037
500
501
1210
781
634
635
1214
1647
989
1454
1456
1105
1103
1101
1459
1108
1109
323
466
959
213
506
983
920
463
1080
939
1563
244
1420
847
843
848
932
1069
1192
1730
1736
796
750
757
756
758
1597
738
937
660
1029
1035
1202
1196
398
1445
1444
1117
1119
1350
485
483
1061
992
900
906
907
904
1843
856
859
721
273
1187
1184
616
740
741
742
744
746
1052
1058
1059
718
1793
1694
1695
1692
1691
715
1698
611
1274
614
615
1633
1473
1470
1476
1477
1474
1304
1307
1308
1309
1499
496
23
901
1700
1064
1067
447
7
170
976
975
446
786
970
445
1607
978
977
1614
1464
861
860
938
883
882
885
888
657
353
775
774
777
776
772
419
1043
1047
1045
1044
1681
1688
1262
663
1266
1265
1264
1461
1463
1462
1315
1314
1313
1311
1319
464
862
1339
420
1330
800
405
632
1866
965
960
968
400
662
1241
1611
876
1534
891
892
898
899
1530
783
648
1618
1619
1538
1783
766
1786
1787
1078
1079
1076
1075
1072
1070
1071
1678
1675
1094
1095
1090
1091
675
1533
933
1410
1417
1322
1323
1320
1326
1327
1324
1325
1328
1329
1621
1739
647
1524
1525
1527
1252
1521
1522
1251
1258
941
304
1055
1468
852
137
1042
623
117
471
1024
1899
955
956
1686
1853
1854
669
668
919
504
665
918
1707
917
1063
1661
1660
592
628
1408
849
1405
1630
1338
1334
440
1333
444
31
649
1248
1539
1493
336
331
330
934
846
845
842
840
640
1880
1498
1351
1
704
705
706
609
85
417
1652
1772
1431
1637
459
452
1344
1346
1886
517
1502
1503
1500
655
652
949
944
1884
569
942
940
1882
948
1290
1881
1596
947
1025
990
1295
1186
1185
1180
943
231
1640
1643
1649
1743
579
578
573
571
387
577
575
388
1421
731
730
733
734
739
1352
1357
1356
930
935
1514
1516
1510
1513
1113
1112
982
253
119
953
8
88
488
709
1638
530
587
707
561
562
563
567
1189
149
1364
1380
1298
1365
1292
476
1296
475
1710
966
793
1366
1367
1362
479
1368