1866
3776
3774
3690
3696
3835
3748
3746
3744
3745
3742
3743
3741
3594
3880
3825
3822
3820
3751
3753
3754
2208
3680
1812
3228
3735
3602
3600
3595
3811
3816
3605
3685
3762
2501
3789
3699
3374
3767
3952
2482
3807
3801
3794
3791
3790
3871
3872
3874
3876
3904
3905
3906
3901
3903
3908
3658
3655
3656
3652
3653
3725
3831
3730
3913
3911
3645
3642
3641
3841
3847
3848
3701
3926
3929
3857
3850
3851
3858
3665
3679
3672
3671
3586
3588
3668
3867
3599
3934
3937
3930
3666
3660
3593
3597
3695
3697
3121
2599
3944
3946
3726
3727
3765
3649
3644
3962
3951
3700
3603
3606
3609
3738
3898
3896
3897
3894
3895
3636
3637
3634
3635
3630
3824
3703
3945
3947
3886
3881
3883
3889
3620
3625
3627
3626
3714
3717
3711
3712
3719
995
3760
3761
3766
3768
3769
3681
3686
2906
3305
3698