1623
1625
1624
1629
1628
1759
1758
1755
1754
1752
1579
1578
689
1573
1571
1576
1575
1378
1246
1500
1506
1618
1619
1616
1762
1763
1760
1766
1764
1145
1546
1544
1543
1548
1549
1784
1389
1387
1380
1382
1849
1817
1811
1813
1818
1819
1609
1600
1603
1602
1605
1604
1607
1775
1776
1771
1770
1773
1779
1778
1551
1550
1553
1552
1554
1398
1397
1396
1395
1394
1393
1392
1390
1807
1806
1805
1804
1803
1802
1801
1800
1809
1808
1527
1621
1490
1491
1492
1493
1495
1497
1499
1700
1701
1703
1705
1706
1707
1708
1832
1830
1831
1836
1837
1834
1835
1838
1839
1483
1481
1487
1484
1713
1717
1715
1714
1719
1272
1829
1828
1825
1827
1826
1728
1727
1724
1725
1722
1588
1582
1583
1586
1587
1584
1455
1456
1457
1450
1452
1453
1459
1851
1852
1854
1739
1730
1734
1595
1596
1591
1590
1593
1592
1599
1598
1447
1449
1448
1567
1451
1848
1843
1841
1847
1846
1908
1906
1905
1902
1903
1900
1901
1694
1695
1692
1693
1699
1797
1470
1474
1478
1479
1876
1877
1874
1875
1872
1873
1870
1871
1878
973
979
1919
1918
1911
1913
1912
1681
1680
1683
1682
1685
1684
1687
1686
1688
1468
1465
1464
1467
1466
1461
1460
1462
1316
1314
1861
1860
1863
1862
1865
1864
1867
1869
1868
1617
1614
1788
1789
1780
1782
1610
1611
1678
1679
1676
1677
1670
1672
1673
1419
1411
1414
1416
1327
1525
1520
1521
1522
1523
1528
1529
1898
1899
1894
1896
1891
1892
1893
1798
1793
1792
1791
1790
1796
1795
1794
1666
1665
1663
1662
1661
1660
1402
1401
1400
1407
1406
1405
1404
1547
38
1535
1531
1530
1539
1538
1887
1886
1885
1884
1882
1880
1658
1653
1651
1656
1657
1654
1655
584
1436
1434
1435
1433
1430
1341
1502
1503
652
1507
1504
1505
1508
1509
1748
1749
1645
1644
1647
1646
1641
1640
1643
1648
1420
1423
1422
1425
1424
1427
1426
1429
1519
1514
1517
1516
1510
1512
1446
1445
1444
1443
1442
1441
1440
1564
1566
1630
1633
1634
1636
1638
1639
1186
1744
1745
1740
1741
1742
1568
1561
1563
1296
1712