294
718
919
812
814
816
710
913
597
714
524
696
902
903
900
901
906
904
909
854
855
856
857
851
852
819
859
749
811
740
741
742
743
744
745
746
747
688
626
938
403
937
936
415
829
828
824
820
823
708
705
706
700
701
702
703
910
795
793
792
790
799
798
899
920
921
912
818
926
868
861
863
864
867
866
882
886
885
888
774
777
770
773
778
687
664
690
699
639
546
922
925
927
837
835
838
839
786
780
731
734
736
739
632
907
788
878
879
876
877
875
872
873
871
890
891
893
894
895
896
897
671
809
808
802
801
800
807
806
805
762
763
761
766
767
764
765
678
672
673
847
846
844
843
842
840
849
757
756
755
754
738
727
724
722
723
721
729
155
957
956
796
479
695