5986
6157
5852
6370
6573
6577
6578
5992
6365
6215
6565
6564
6354
6224
5474
5473
6519
6511
6512
6513
6424
6425
6426
6427
6428
6169
6347
6187
5287
3029
6509
6508
6501
6507
5810
5814
5815
6249
6241
6530
6403
4406
6524
6529
6597
6419
6418
6417
6410
6413
6412
4792
6647
6641
6390
4895
6467
6073
6471
6476
5309
5966
6592
6444
6445
5596
5022
6297
6295
6453
6452
6457
6458
3957
6603
6605
6609
6115
6024
4580
3550
5302
6617
6103
6323
6587
6585
6589
6624
4715
5098
5097
5322
6488
6489
6482
6481
6486
6484
6485
6550
6551
6633
6307
6493
6499
6545
6544
6543
6540
6549