344
346
347
343
295
587
559
555
552
517
405
452
409
454
455
379
378
370
375
374
392
397
396
395
399
245
542
543
540
541
547
544
415
416
417
413
419
368
369
366
367
364
360
361
380
382
385
387
388
389
258
251
537
536
535
532
530
539
423
420
422
427
522
529
439
437
430
231
147
518
511
512
508
509
506
505
502
500
402
401
516
460
489
488
484
498
490
491
492
595
421
446
404
403
9
305
594
597
448
447
339
338
335
331
130
410
585
588
589
456
322
326
329
126
579
573
570
577
576
464
357
356
355
353
359
358
282
113
562
564
565
567
471