557
550
1193
1197
1173
1172
1171
1178
1284
1289
687
681
680
873
1375
1376
1246
247
1500
650
1141
1146
1147
692
693
697
695
698
1388
1384
1380
386
901
908
1091
1814
1158
1156
1151
1153
1550
1557
1558
1397
1321
811
815
817
1492
425
1120
1121
1123
1126
525
1233
1238
235
1833
1836
933
932
1483
1482
1712
795
792
1131
1136
1001
1227
1224
685
686
925
833
836
834
835
838
839
781
783
1213
213
919
912
847
846
843
1737
752
751
750
755
754
1597
1025
1023
1029
1201
1210
1440
466
485
1457
907
854
853
740
742
744
745
1054
1735
1691
715
1699
714
710
1478
1301
1308
497
20
28
1877
975
973
970
187
1911
861
860
863
864
866
883
882
881
880
887
884
774
777
772
778
75
1045
1260
1315
1310
1319
876
1535
896
898
646
1614
762
760
761
765
1073
1071
1678
1097
678
679
1092
674
677
670
645
1413
1414
1415
1326
1328
1252
1528
1258
951
719
713
712
711
917
1061
1063
1062
1067
1668
1667
1665
1083
1089
1088
1401
1400
1406
1530
1248
948
946
947
708
704
705
706
700
702
580
1501
993
1641
1421
1424
731
733
734
736
738
1350
1356
1441
1116
983
1639
1184
1185
1182
726
727
724
722
723
720
1165
1168
1367
1363
1360
1368