103
200
259
282
283
313
346
348
438
490
496
506
513
514
532
536
544
564
566
592
598
604
613
619
626
627
631
644
650
653
656
660
671
692
693
695
697
699
700
703
704
705
706
708
711
712
713
715
718
719
720
722
725
728
730
732
733
734
738
740
741
745
746
750
753
760
761
765
767
773
774
775
781
789
790
792
795
796
797
799
800
802
804
806
810
811
812
813
814
816
817
818
819
820
825
830
831
832
833
834
835
839
845
847
849
851
852
858
861
868
872
876
877
878
880
881
882
883
885
888
890
891
892
893
894
895
901
905
907
911
913
918
920
921
922
923
925
926
927
928
934
935
938
939
942
943
944
946
948
949
951
953
954
955
956
957
958
960
962
963
964
965
968
970
972
973
975
976
977
978
979
984
986
987
989
990
991
992
993
995
996
997
1000
1001
1008
1009
1012
1013
1015
1018
1019
1020
1022
1024
1025
1026
1027
1028
1030
1032
1033
1034
1035
1036
1037
1038
1039
1040
1041
1042
1043
1046
1047
1048
1050
1051
1052
1053
1055
1057
1058
1059
1060
1063
1064
1068
1069
1074
1075
1077
1079
1080
1084
1085
1086
1089
1091
1095
1098
1101
1102
1103
1104
1105
1106
1107
1108
1111
1113
1114
1116
1117
1118
1119
1122
1124
1125
1126
1127
1128
1129
1131
1132
1133
1134
1135
1136
1142
1143
1144
1145
1146
1147
1149
1152
1153
1154
1155
1156
1157
1158
1159
1161
1162
1163
1164
1165
1166
1167
1169
1170
1171
1172
1173
1175
1176
1177
1178
1180
1184
1185
1186
1188
1189
1190
1191
1192
1193
1194
1195
1198
1199
1204
1205
1207
1209
1210
1211
1212
1213
1214
1215
1216
1217
1218
1221
1224
1226
1229
1230
1231
1233
1238
1241
1248
1249
1250
1251
1252
1253
1255
1257
1258
1259
1260
1261
1262
1265
1266
1267
1268
1269
1270
1272
1273
1275
1276
1277
1280
1281
1282
1283
1284
1285
1287
1288
1289
1290
1291
1292
1293
1295
1296
1298
1299
1302
1303
1304
1306
1307
1308
1309
1310
1311
1312
1313
1314
1315
1316
1318
1320
1321
1329
1330
1331
1333
1334
1335
1336
1338
1340
1342
1343
1346
1347
1348
1349
1351
1352
1353
1354
1356
1357
1359
1361
1363
1364
1365
1366
1369
1370
1372
1373
1374
1375
1378
1381
1383
1384
1385
1386
1387
1389
1390
1391
1392
1394
1395
1396
1398
1399
1403
1404
1405
1406
1407
1408
1409
1410
1413
1414
1415
1419
1420
1421
1422
1425
1427
1428
1429
1432
1433
1434
1435
1438
1441
1443
1444
1445
1446
1447
1448
1449
1450
1451
1452
1453
1454
1455
1456
1457
1458
1461
1463
1466
1467
1469
1472
1478
1479
1482
1483
1484
1486
1487
1489
1490
1492
1493
1496
1497
1500
1501
1502
1505
1507
1508
1509
1510
1513
1514
1515
1516
1517
1518
1521
1524
1525
1526
1527
1531
1533
1534
1536
1542
1543
1546
1548
1550
1551
1552
1555
1557
1560
1561
1562
1563
1566
1568
1569
1570
1572
1574
1575
1579
1582
1583
1585
1589
1591
1595
1596
1597
1598
1599
1600
1601
1602
1604
1605
1607
1608
1609
1610
1612
1616
1617
1618
1622
1628
1631
1632
1635
1636
1637
1638
1639
1641
1642
1643
1644
1645
1647
1648
1649
1650
1651
1653
1655
1656
1658
1659
1662
1666
1668
1669
1670
1672
1673
1675
1677
1680
1683
1684
1685
1693
1694
1695
1696
1697
1702
1704
1705
1706
1707
1709
1712
1714
1715
1716
1717
1719
1720
1721
1722
1723
1725
1727
1728
1729
1731
1732
1737
1738
1739
1740
1741
1742
1745
1747
1748
1749
1751
1752
1755
1757
1758
1760
1761
1762
1766
1768
1769
1770
1772
1775
1776
1779
1781
1782
1785
1786
1787
1788
1791
1793
1794
1799
1800
1801
1806
1809
1812
1813
1814
1815
1820
1821
1824
1825
1826
1827
1829
1830
1831
1837
1839
1841
1842
1843
1850
1852
1853
1854
1856
1857
1862
1865
1866
1868
1870
1871
1872
1874
1876
1881
1884
1885
1886
1887
1888
1889
1890
1891
1892
1893
1897
1899
1904
1907
1910
1911
1912
1913
1916
1917
1918
1921
1923
1924
1925
1926
1927
1928
1929
1931
1932
1933
1934
1935
1938
1939
1944
1946
1947
1949
1950
1954
1955
1956
1957
1958
1959
1961
1962
1963
1964
1973
1974
1975
1976
1977
1978
1979
1981
1983
1984
1987
1988
1989
1990
1993
1994
1996
1998
1999
2001
2002
2003
2004
2005
2006
2007
2008
2010
2011
2012
2013
2014
2015
2016
2017
2018
2019
2024
2025
2026
2027
2028
2029
2030
2033
2035
2036
2038
2039
2040
2041
2043
2044
2048
2049
2052
2053
2055
2056
2058
2059
2060
2062
2066
2067
2069
2070
2071
2072
2075
2076
2078
2081
2083
2084
2088
2089
2090
2092
2096
2102
2106
2108
2109
2110
2112
2115
2119
2120
2121
2122
2124
2125
2128
2129
2130
2131
2132
2136
2137
2139
2140
2142
2143
2144
2146
2147
2151
2152
2156
2159
2161
2162
2163
2165
2166
2168
2170
2171
2172
2173
2174
2175
2176
2179
2181
2182
2183
2184
2185
2186
2191
2193
2195
2196
2199
2200
2207
2208
2209
2213
2214
2215
2218
2219
2221
2223
2227
2228
2229
2230
2231
2232
2235
2237
2238
2239
2240
2242
2245
2247
2249
2251
2256
2257
2261
2264
2265
2266
2267
2270
2271
2272
2273
2274
2275
2278
2282
2284
2286
2287
2288
2290
2291
2293
2299
2300
2301
2305
2307
2309
2310
2311
2313
2316
2317
2320
2322
2326
2327
2328
2331
2332
2334
2337
2338
2339
2341
2342
2346
2347
2349
2352
2353
2354
2355
2358
2359
2362
2363
2365
2370
2374
2379
2380
2382
2384
2385
2387
2391
2400
2402
2403
2405
2409
2410
2411
2413
2415
2417
2418
2422
2425
2426
2427
2430
2431
2432
2433
2437
2438
2442
2443
2444
2447
2448
2453
2456
2457
2458
2460
2462
2467
2468
2472
2477
2479
2482
2484
2488
2491
2492
2493
2495
2496
2497
2499
2501
2502
2503
2504
2505
2507
2508
2509
2514
2515
2518
2525
2530
2532
2533
2534
2535
2538
2540
2541
2543
2547
2548
2549
2550
2553
2556
2559
2563
2564
2565
2568
2569
2570
2572
2573
2574
2576
2578
2579
2581
2582
2583
2585
2587
2588
2589
2590
2593
2596
2600
2601
2604
2606
2608
2609
2616
2618
2619
2621
2623
2627
2629
2632
2637
2638
2639
2640
2642
2644
2645
2649
2650
2651
2652
2658
2659
2660
2662
2663
2664
2665
2666
2669
2670
2671
2672
2673
2677
2680
2685
2688
2689
2691
2693
2696
2697
2699
2702
2705
2706
2708
2709
2710
2711
2712
2714
2717
2721
2724
2726
2727
2729
2730
2732
2733
2735
2736
2737
2739
2740
2741
2744
2745
2746
2748
2750
2759
2761
2763
2764
2765
2766
2767
2769
2770
2775
2777
2778
2779
2780
2781
2782
2783
2785
2786
2787
2788
2790
2791
2794
2795
2796
2797
2798
2800
2801
2806
2807
2808
2809
2813
2814
2815
2817
2820
2821
2825
2827
2828
2832
2833
2834
2835
2837
2839
2840
2841
2842
2843
2844
2848
2849
2850
2851
2852
2854
2855
2856
2857
2858
2859
2860
2861
2862
2866
2871
2873
2875
2876
2877
2878
2879
2881
2882
2884
2885
2886
2887
2888
2890
2893
2895
2896
2898
2900
2901
2905
2907
2908
2909
2910
2912
2913
2915
2917
2918
2920
2923
2924
2928
2929
2930
2931
2932
2933
2934
2935
2936
2937
2938
2940
2941
2942
2943
2944
2946
2947
2950
2953
2955
2956
2958
2959
2960
2961
2963
2964
2965
2966
2967
2968
2970
2971
2972
2973
2975
2976
2978
2979
2980
2982
2985
2988
2989
2990
2994
2997
2998
2999
3001
3002
3004
3006
3013
3014
3015
3016
3017
3018
3019
3020
3022
3025
3026
3027
3028
3029
3031
3033
3034
3035
3039
3044
3045
3046
3047
3048
3050
3051
3057
3058
3060
3062
3065
3066
3069
3071
3072
3073
3075
3076
3077
3078
3081
3082
3084
3085
3086
3090
3091
3095
3096
3097
3098
3100
3101
3106
3107
3108
3109
3110
3112
3114
3115
3117
3120
3122
3123
3124
3125
3128
3129
3131
3132
3135
3136
3137
3138
3139
3140
3141
3142
3144
3145
3147
3148
3149
3150
3153
3154
3155
3156
3158
3160
3161
3162
3163
3164
3167
3168
3169
3172
3173
3174
3178
3179
3182
3186
3189
3191
3192
3193
3194
3198
3199
3200
3202
3204
3206
3208
3210
3211
3212
3216
3217
3218
3223
3233
3235
3236
3238
3239
3241
3243
3244
3245
3247
3248
3249
3250
3252
3253
3256
3261
3262
3264
3267
3268
3269
3270
3271
3276
3277
3280
3285
3286
3290
3291
3292
3295
3297
3299
3303
3304
3305
3307
3308
3309
3310
3311
3313
3316
3317
3318
3321
3322
3325
3327
3328
3329
3331
3332
3333
3334
3335
3336
3337
3339
3341
3342
3345
3347
3349
3354
3355
3359
3360
3361
3364
3367
3369
3370
3374
3375
3377
3379
3380
3384
3385
3387
3388
3389
3390
3392
3393
3395
3405
3410
3412
3414
3419
3420
3422
3424
3425
3426
3430
3431
3432
3434
3435
3436
3444
3445
3447
3449
3451
3454
3455
3456
3457
3458
3461
3463
3464
3466
3468
3469
3470
3471
3478
3479
3480
3483
3484
3485
3487
3491
3492
3493
3494
3495
3496
3497
3503
3504
3505
3506
3507
3509
3510
3511
3512
3515
3516
3518
3519
3520
3522
3524
3525
3526
3529
3530
3542
3545
3549
3551
3552
3553
3558
3559
3561
3563
3566
3567
3568
3569
3570
3572
3573
3576
3579
3580
3581
3582
3584
3590
3591
3592
3593
3606
3607
3608
3609
3612
3616
3617
3619
3621
3623
3627
3632
3633
3637
3639
3640
3641
3642
3643
3645
3648
3649
3650
3652
3653
3654
3657
3661
3662
3664
3670
3672
3673
3674
3675
3677
3679
3682
3722
3726
3730
3731
3737
3739
3740
3741
3744
3745
3746
3747
3752
3753
3754
3755
3765
3771
3772
3774
3776
3777
3778
3779
3782
3793
3794
3798
3800
3801
3802
3805
3806
3807
3809
3811
3812
3813
3815
3816
3818
3819
3820
3826
3827
3832
3833
3836
3837
3838
3844
3846
3851
3858
3859
3860
3861
3865
3867
3868
3870
3871
3874
3882
3884
3885
3886
3887
3888
3889
3892
3894
3895
3898
3901
3902
3905
3909
3913
3914
3915
3916
3921
3922
3923
3926
3929
3930
3932
3935
3936
3939
3940
3941
3942
3944
3945
3949
3950
3954
3955
3956
3958
3959
3960
3963
3966
3967
3968
3969
3970
3971
3974
3975
3976
3977
3978
3979
3982
3983
3984
3985
3986
3988
3989
3990
3991
3995
3996
3997
3998
3999
4000
4001
4003
4005
4006
4008
4013
4014
4015
4017
4018
4019
4020
4021
4022
4023
4024
4025
4027
4028
4029
4030
4031
4032
4033
4034
4035
4036
4037
4038
4039
4041
4043
4044
4046
4047
4048
4050
4052
4053
4054
4055
4056
4057
4058
4060
4061
4062
4064
4065
4067
4068
4069
4070
4071
4074
4075
4076
4077
4078
4079
4080
4082
4085
4086
4088
4089
4091
4093
4098
4099
4101
4102
4104
4105
4106
4108
4109
4110
4112
4113
4114
4116
4117
4118
4119
4122
4123
4124
4125
4127
4128
4129
4132
4133
4134
4135
4136
4137
4138
4139
4140
4141
4143
4144
4145
4146
4149
4151
4153
4154
4155
4156
4157
4158
4159
4160
4161
4162
4164
4166
4169
4170
4171
4175
4176
4177
4178
4180
4181
4182
4184
4186
4187
4194
4195
4196
4197
4199
4201
4202
4205
4212
4213
4214
4215
4217
4218
4219
4220
4224
4226
4227
4230
4235
4238
4241
4245
4246
4250
4252
4253
4256
4257
4258
4259
4261
4263
4267
4298
4299
4312
4314
4316
4318
4319
4321
4324
4325
4328
4335
