1141
1255
1148
916
1061
1063
1062
1064
1067
1087
1086
1084
1083
1124
1125
1126
1127
1019
1237
1230
1232
1238
1239
1240
1243
1247
1199
1051
1052
1056
1057
1191
1194
1197
1196
1176
1174
1173
1172
1171
1271
1272
944
945
941
1059
1192
1139
1138
1132
1131
1130
1136
1003
1073
1227
1224
1223
1222
1221
1229
1228
974
1089
1088
1113
884
889
775
1043
1042
1047
1046
1045
1044
609
1116
1142
1269
1268
1146
1147
1144
1145
1263
1262
1264
1119
1118
993
992
833
1250
1251
1038
1039
1033
1031
1035
1212
1213
1216
1217
1214
1200
966
960
961
962
1106
1104
1105
1103
1100
1101
1108
1109
1098
1076
1077
1074
1075
1072
1070
1096
1097
1091
1093
1155
1157
1156
1151
1150
985
1254
1253
1258
1259
1026
1020
1188
1189
1186
1187
1184
1185
1182
1180
1181
1164
1165
1166
1167
1161
1162
1163
1205
1207
1168
1169
1202
1211
958
954
1111
1112
1115
1114
1201