3514
3835
3748
3742
3743
3527
3523
3521
3822
3829
3759
3758
3757
3756
3531
3533
3532
3534
3536
3539
3538
3810
3814
3780
3781
3786
3787
3784
3785
3788
3789
3803
3799
3795
3797
3791
3790
3792
3871
3875
3908
3658
3471
3863
3862
3860
3732
3914
3918
3647
3644
3924
3925
3855
3665
3585
3589
3937
3933
3841
3842
3666
3595
3599
3449
3448
3942
3946
3610
3611
3546
3540
3541
3603
3602
3601
3604
3557
3556
3555
3898
3899
3893
3965
3636
3634
3562
3565
3629
3620
3626
3719
3618
3761
3766
3767
3768
3769
3500
3501
3502
3728