2919
2634
3092
3204
2279
3226
3236
2438
2191
2202
3221
2847
3036
2994
3033
2724
1709
3200
2983
3026
3024
2987
3020
435
3316
2712
2718
3241
3097
3308
3012
3011
2888
3196
3112
3190
3270
3005
3310
3009
1729
2891
2509
2603
3261
3260
3265
3074
3079
2956
3105
3107
2542
2382
2764
1843
3294
3295
3292
2945
3068
2942
2941
2940
1052
3115
3111
1499
2280
3268
3287
3285
3283
2020
882
3148
3056
2970
2971
3052
3123
2291
2982
1860
3040
3042
3046
1520
3059
3054
2975
2002
3331
2912
2854
3140
3142
3143
2826
1931
3307
3195
2346
2901
2906
2909
3156
1730
3084
2124
3073
2959
3077
2955
2487
3264
2938
2939
2937
2935
2933
3168
3160
3161
3187
3183
3109
1565
2921
2920
2922
2904
2819
42