4389
4381
4387
4385
4384
4538
4537
4530
4532
2692
4529
4528
4527
4525
4524
4523
4519
4511
4514
4358
4359
4354
4355
4350
4351
4352
2949
4505
4503
4502
4509
4508
4345
4340
4497
4495
4494
4493
4408
4409
4404
4407
4401
4402
4403
4498
4378
4379
4370
4371
4376
4377
4375
4367
4366
4361
4360
4368
4426
3294
4543
4544
4434
4437
4431
4430
4433
4432
4440
4442
4443
4444
4445
4447
4448
4338
4339
4337
4334
4332
4333
4330
4331
4066
4453
4452
4451
4457
4454
4458
2647
4410
4329
4327
4326
4213
4465
4463
4460
4461
3413
4484
4487
4480
4481
4483
4488
4264
4265
4479
4478
4475
4474
4476
4496
4491
4499
4247
4242
4391
4392
4394
4397