6150
6151
6154
6157
6158
6297
2446
2041
6378
6370
6371
6373
6374
3519
6206
6207
6200
6201
6202
1997
1576
6576
6577
6575
4381
3838
4035
6147
6146
6144
6148
4729
5840
4628
6363
6362
6361
6216
6215
6213
6212
5196
6565
5610
6566
5615
6408
6178
6179
4753
6688
6689
6683
6685
2423
6356
6357
6352
6350
6351
6195
6196
6197
6193
6221
6227
6224
6225
6228
2999
534
532
6518
6519
6511
6514
6515
6516
6517
6426
6421
6423
6429
6169
6168
6161
6163
6162
6167
5865
5866
6138
6693
6692
6691
6690
2438
6342
6346
6349
6348
6186
6185
6184
6183
6182
6181
6189
6188
6231
6230
6233
5463
6509
6508
6503
6502
6501
6507
6505
6504
6437
6434
6432
6438
6248
6240
6241
6242
6243
6244
6246
6253
6254
6534
6535
6532
6533
6400
6401
4160
2234
2091
3573
4403
6259
6258
6255
3476
5244
6521
6520
4378
6529
6419
6410
6649
6644
6642
6396
6266
6262
6261
4415
6268
1028
6330
6468
6338
6463
6464
6523
4785
5823
5824
6092
6096
6651
6650
6387
6386
6380
6383
6273
6272
6276
6075
2162
5133
5886
6411
6477
6668
6663
6660
6661
6666
6667
6664
6665
6284
6285
6287
6283
6047
6045
6447
6443
6441
6674
6676
6670
6672
6299
6296
6295
6294
6292
6291
5111
896
673
6453
6455
6457
6456
6459
5560
3955
6602
6114
4923
2130
6025
2002
6337
6590
6595
6596
6597
6599
5416
6613
6612
6611
6615
6614
6107
6446
5172
6440
6324
6323
6322
6321
6320
6567
6563
6562
5313
5317
6587
6585
6588
3155
6629
6626
6624
6623
6133
6131
6137
4478
6317
6314
6315
6318
6288
6488
5553
6484
6554
6552
6553
6559
6638
6634
6637
6125
6124
6126
6122
6128
4805
4808
6304
6307
6306
1984
6543
6542
6495
6496
6493
6547
6546
6545
6540