1869
967
2318
2315
2312
2310
2311
2268
2269
2262
2260
2264
2265
2442
2443
2440
2444
2046
2043
2048
2049
2839
2686
1629
2862
550
552
2744
1759
1758
1756
1752
1751
688
681
1377
2030
2332
378
2022
2038
2309
2302
2305
2335
2274
2277
2273
2279
2522
2459
2458
2456
2450
2452
1862
176
2050
2052
2150
1976
2695
2694
2692
2405
1974
1971
1606
1965
1961
1962
1620
2870
2874
2879
1760
1547
1784
1785
1941
415
2099
2763
1775
1776
1770
2193
2195
2196
2197
2199
2200
2202
2208
790
2429
2400
2047
2422
2427
2701
2040
2519
2517
1841
2735
2730
1847
1844
1814
1816
1810
1811
1609
2166
1979
2163
801
806
2846
1849
2842
2840
1777
2806
1555
1556
537
1559
538
1558
2996
2772
1900
1970
2689
2330
2331
2183
2333
2184
2213
2217
2216
2215
2218
2339
2433
2432
2430
2435
2434
2236
2506
2505
2502
2725
2724
2723
2722
1802
1800
1809
1808
2019
2631
1947
811
812
1858
815
2858
1990
1993
1491
1702
1706
1708
1709
2093
1231
434
2868
1852
2708
2228
2226
2224
2222
2223
2220
147
1856
2089
2083
2087
2084
2539
2530
2536
2534
2535
2712
2713
2710
2716
2717
2714
2715
2718
1832
1833
1830
2153
1955
1991
1956
1953
1952
1828
827
1826
1716
1714
1718
2711
1132
2140
1135
2418
1994
2149
1001
2885
2740
1925
2230
2233
680
2095
2096
2525
2524
2526
2521
2523
2663
2709
2707
2702
2748
1829
1827
2411
2410
2143
2141
2416
1922
2726
1729
64
1985
1588
1589
1583
630
638
1983
2896
2891
2890
2893
1893
2247
2754
212
2138
2668
2551
2554
2555
2556
2557
2729
2394
2395
2392
2501
2500
2399
2777
2960
2604
2605
2606
2607
2600
2609
1975
1930
1736
2404
2586
2951
606
1204
2403
2021
2003
2000
1440
2007
2005
2300
2304
2006
2543
2542
2541
2540
2544
2549
2381
2383
2382
2385
2386
2768
2765
1843
1942
2616
2613
2612
2611
2610
2147
2619
2618
1909
2272
2044
2941
1054
1793
1694
1695
1693
1698
1275
1633
1495
1304
1496
2595
2597
2591
1700
1701
1874
1471
874
2283
2054
2057
2578
2579
2577
2570
2378
2379
2376
2377
2370
2371
2594
1878
1879
2118
2110
2112
2114
2115
2116
2117
2622
2621
1919
2757
2020
2753
2751
2028
2758
889
2008
1681
2982
2980
1910
1917
1315
2025
2027
2023
2327
2324
2299
2296
2295
2294
2569
2568
2561
2560
2562
2567
2566
2369
2368
2366
2584
2583
2581
2580
1861
1867
1866
2108
2103
2102
2100
2107
2635
2633
2632
1240
2037
2033
1618
1538
2966
2963
1783
766
1786
1787
1610
1072
1675
1673
1490
1623
2558
1326
2495
1739
1522
1529
2393
2476
1484
2973
2776
2478
1897
1489
2350
2356
1894
1895
1890
2131
2641
2642
1686
2644
2645
2646
2647
1850
1704
1854
2915
2918
1791
1797
1707
2179
1665
912
595
1089
2827
2823
1535
2923
2032
1351
2345
2347
2346
2341
2067
1889
2121
2123
2122
1967
2657
2656
2014
2488
183
2908
2770
1986
1772
2831
2830
1434
2018
1868
2157
1883
2480
2124
2334
2537
1995
2959
2955
2248
2249
2241
2243
2464
2466
2467
2462
2799
2796
2795
2669
2932
2931
1645
1644
2152
1641
2598
1743
1926
1732
572
2809
2802
2800
2805
2406
2155
737
2055
2151
1355
2158
1519
2342
2135
47
1891
2329
2328
2293
2191
2491
2493
2492
2497
2496
2259
2258
2257
2256
2474
2472
119
2784
2787
2789
2788
2671
2670
2673
2925
1988
1989
2817
2811
2812
2818
2036
1746
1741
729
2587
1566
1712
2425
2461
2599