2316
2311
2496
2440
2449
2045
2838
2639
2689
2687
2680
2681
2682
2683
2631
2630
2860
2864
1287
2819
2272
2960
2526
2300
2306
2887
2277
2404
2278
2705
2458
2455
2451
2055
2699
2695
2693
2691
2876
2874
2879
1540
2388
2768
3042
2763
2760
2421
2422
2424
2516
2517
2513
2734
2730
2732
2733
2739
2797
1810
2847
2842
2992
2805
2973
1840
2183
2184
2188
2437
590
2503
2500
2721
2720
2728
1253
1250
1709
2989
2464
2466
2709
2532
2533
2531
2536
2537
2712
2710
2711
2719
2409
2824
2825
2415
2790
2885
2889
2474
2239
2235
2747
2098
2524
2529
2708
2701
929
2142
2417
2414
1370
2898
2894
2896
2891
2419
2401
2753
2550
2556
2559
2397
2393
2390
2391
2398
2399
2778
2779
2770
2773
2776
2802
2602
2608
2609
1585
1591
2957
2402
2479
2400
2542
2541
2549
2385
2384
2387
2386
2389
2762
2767
2167
2161
2617
2616
2615
2611
2610
2619
2618
2463
2574
2913
2943
2941
2940
2595
1472
2594
2596
2804
2590
2592
2283
2286
2578
2579
2570
2374
2377
2372
2593
2118
2119
1343
2620
2626
2627
2624
2625
2629
2757
2754
2020
2751
2759
2598
1260
1469
2756
2755
2299
2295
2787
2365
2360
2584
2581
2580
2104
2635
2634
2636
2744
2961
2477
2976
2975
2478
2358
2359
2356
2135
2993
2640
2641
2642
2643
2852
2911
2490
914
591
2829
2826
2820
2603
1937
1938
2854
2676
2410
2659
2658
2653
2652
2650
2657
2656
2902
2901
2900
589
2837
2833
2830
1737
2481
2814
2812
2010
2954
2486
2249
2246
2467
2468
2791
2663
2668
2936
2937
2931
792
2809
2416
2298
2323
2329
2328
2493
2494
2476
2473
2472
2785
2782
2070
2074
2678
2928
2920
2923
2924
2811
2813