4027
4024
4022
4023
3725
4028
3997
3990
961
3572
3681
3773
3771
3777
3775
3774
3686
4148
4145
3390
2861
2867
3538
3347
3580
3837
3832
3745
3742
3743
3741
3770
3776
3690
3696
3526
3527
3525
3520
3521
3678
3674
3354
1764
3320
1387
3827
3826
3825
3828
3759
3758
3751
3750
3755
3754
2207
3581
3582
2514
3531
3586
3227
3223
2841
3327
1848
2807
2991
3035
3812
3813
3810
3818
3782
3783
3780
3781
3786
3784
1944
3338
3659
3805
3807
3800
3803
3802
4119
2085
3408
3799
3798
3797
3796
3791
3793
3307
4061
3878
3871
3872
3875
3877
3310
3904
3905
3907
3901
3902
3903
3909
4169
3576
2747
3494
3655
3657
3652
3653
2667
3270
3319
1726
2892
1107
1458
3869
4084
4088
3738
3865
3736
3735
3831
3917
3911
4151
3489
3484
2398
3266
3462
3469
4093
4095
4094
3704
481
3922
3923
4048
4146
4141
3850
3859
3673
3584
3587
3588
3589
3863
3739
3063
3117
3116
3935
3934
3936
3931
3930
3932
3845
1062
4040
4042
3665
3667
3666
3661
3663
3693
3597
3596
3695
3447
3446
2750
3948
3943
3945
4128
4122
4127
4126
4125
3841
3840
4050
4059
3613
3615
3618
3619
3728
3726
3722
3723
3431
3544
3546
3543
3548
3549
3649
3043
1670
3137
3130
1411
1415
1416
3958
3950
3956
4116
4117
4060
3602
3601
2353
2351
3734
3732
3731
3730
3420
3556
3554
3551
3558
4079
2822
3966
3385
1331
3097
646
3969
4103
4108
3890
3897
3895
4071
4073
4072
3503
3638
3631
3506
3964
3708
3702
3703
3700
3706
3562
3561
3566
3567
3568
3151
3397
1885
3701
3707
3705
3886
3880
3883
3889
4008
4004
4006
3970
3972
3975
3977
3978
3623
3625
3715
3717
3711
3718
2463
3401
3373
3578
3574
3571
3570
576
3360
4013
4012
4010
4017
4014
3988
3989
3984
3985
3981
3982
3760
3762
3763
3764
3766
3767
3768
3769
269
2498
3682
3508
3509
3658
3685
3219
3684
3379
48