2046
2044
2042
2043
2041
1993
1992
1994
1998
1756
1753
2032
2051
2050
2053
2052
2054
2057
2059
2058
1976
1975
1974
1973
1972
1971
1970
1968
1965
1966
1960
1961
1962
1963
1781
1980
1979
1978
1977
1154
1558
1257
1943
1946
1947
1944
1945
1124
2088
2080
2087
1833
1957
1951
1950
1959
1924
1925
1928
1986
504
1855
1856
1857
1933
1936
1935
1939
486
1904
1916
2024
2021
2022
2029
1686
2107
2031
2030
2003
2001
2006
2004
2005
2008
944
2014
2017
2011
2013
2012
1985
2060
2064
2066
1359
2077
1987
1984
1989
1183