2266
2265
3206
3204
3202
3200
3208
3349
3342
3341
3345
3233
3236
3235
3239
2873
2878
3355
3354
3359
3223
3321
3322
3327
3328
3329
2998
3039
3034
3035
2994
3031
2997
2990
3033
2433
2507
3158
3250
3252
3253
3256
2857
3333
3332
3331
3337
3336
3335
3334
3339
2989
2988
3028
3027
3025
3020
2405
3249
3248
3243
3241
3247
3245
3308
3309
3307
3304
3305
3303
3018
3013
3016
3017
3014
3015
2881
2885
3497
3494
3495
3493
3491
2417
3276
3277
3270
3271
3470
3479
3318
3311
3310
3313
3316
3004
3006
3002
2898
3483
3487
2553
2778
3163
2606
3261
3262
3264
3267
3269
3268
3466
3461
3468
3071
3072
3073
3075
3076
3077
3078
2955
2956
3108
3106
3107
3100
3101
2769
2767
2764
3297
3290
3291
3292
3454
3455
3458
3062
3060
3066
3065
3069
2942
2941
3115
3114
3112
3110
3286
3280
3445
3144
3149
2979
3058
2970
3050
3051
3026
3128
3129
3122
3123
3120
3124
2362
2582
3430
3431
3432
3435
3436
2967
2966
2960
3048
3045
3044
3046
3135
3137
3136
3131
3138
3057
3420
3426
3425
3424
3141
3142
2828
3145
3147
3148
3387
3384
3385
3380
3389
3090
3091
3096
3097
3095
3098
3414
3412
3410
2907
3153
3150
3156
3155
3154
2832
3390
3393
3392
3395
3085
3084
3086
3081
3082
2959
3405
2798
2796
2795
2937
2933
3168
3169
3167
2801
3160
3161
3369
3364
3367
3360
3361
3186
3182
3189
2251
2786
2788
3503
3504
2924
3216
3217
3210
3211
3212
3218
3179
3178
3173
3172
3174
3379
3375
3374
3370
3194
3193
3192
3191
3199
3198