4730
4657
4652
4658
4729
4622
4538
4530
4651
4650
4653
4555
3758
3755
4636
4638
4525
4662
4691
1905
3819
4297
4748
4746
4608
4602
4571
4196
3956
4684
4771
4682
4683
4680
4347
4768
4609
4570
4606
4573
4574
4575
4576
4577
4578
4604
4605
4603
4601
4405
4401
4624
4699
4567
4566
4569
4568
1351
4371
4557
4550
4551
4621
4623
4626
4311
4317
4581
4549
4543
4544
4537
4318
4597
4607
4592
4596
4594
4595
4598
4599
4695
4589
4585
4584
4625
3706
4487
4656
4664
4667
4661
4663
4717
4710
4475
4677
4675
4672
4671
4705
4702
4642
4640
4641
4648
4649