346
348
103
1434
1435
1432
1433
1628
1199
1756
1751
1280
1288
1579
1572
1570
1575
1574
1349
1370
1373
1375
1507
1509
1601
1600
1602
1605
1607
1617
1363
1762
1760
1761
1766
1546
1542
1543
1548
1389
1385
1386
1381
1383
1229
1609
1604
1309
1551
1550
1552
1555
1557
1399
1398
1396
1395
1392
1391
1390
1493
1704
1705
1706
1707
1709
1483
1482
1487
1486
1716
1715
1719
1178
1221
1714
928
2144
1728
1729
1727
1725
1723
1720
1721
1589
1582
1583
1585
506
1034
1211
1647
1378
1454
1455
1456
1457
1450
1451
1452
1453
1458
1739
1738
1731
1732
1737
1595
1598
1205
1447
1446
1445
1444
1441
1449
1448
740
1694
1695
1490
1472
1478
1496
1302
1303
1497
972
1340
1683
1685
1684
1469
1467
1461
1463
1315
1313
1311
1331
965
1534
1616
1610
1677
1670
1672
1673
1533
1419
1410
1413
1414
1321
1329
1524
1525
1526
1527
1521
1484
1669
1668
1666
1662
1409
1408
1403
1407
1406
1405
1404
1338
1334
1333
1492
1531
1249
1635
1466
1658
1659
1653
1651
1656
1655
1636
1637
1438
1342
1347
1500
1501
1505
1508
1597
1596
1591
1343
1645
1644
1641
1643
1642
1649
1648
1420
1422
1427
1428
1359
1353
1351
1357
1356
1354
1518
1515
1514
1517
1516
1510
1513
283
282
1291
1638
1639
566
1740
1741
1489
1568
1569
1299
1560
1562
1563
1295