4021
4029
3999
3998
3997
3996
3991
3990
3771
3777
3776
3774
3779
3778
3519
3518
3511
3516
3515
3836
3837
3832
3833
4030
4037
4036
3746
3747
3744
3740
3741
3526
3524
3525
3522
3520
3529
3238
3827
3826
3820
3582
3753
3752
3755
3754
259
3682
3530
3812
3813
3811
3816
3815
3818
3819
3782
3809
3805
3807
3806
3801
3800
3802
3798
3794
3793
3871
3874
3905
3901
3902
3909
3496
3657
3650
3652
3653
3471
3868
3860
3867
3865
3916
3915
3914
3913
3485
3484
3649
3648
3645
3643
3642
3640
3464
3463
3469
3922
3923
3921
3926
3929
3858
3859
3679
3672
3673
3670
3677
3674
3675
3580
3581
3584
3299
3295
3451
3457
3117
3591
3936
3930
3932
3844
3664
3661
3662
3592
3590
2629
3285
3449
3444
3447
3949
3940
3941
3942
3944
3945
3612
3616
3617
3619
3726
3722
3545
3542
3958
3950
3955
3954
3607
3606
3609
3608
3739
3737
3731
3730
2132
3553
3551
3559
3388
3898
3892
3894
3895
3966
3967
3963
3960
3639
3637
3632
3633
3419
3563
3561
3566
3567
3568
3569
3885
3884
3887
3882
3889
3888
4000
4005
3975
3976
3621
3623
3627
3576
3573
3572
4017
3989
3765
3509
3505
3506
2672
3377