4022
4028
3995
3994
3929
4149
4144
4279
3998
3993
3992
4251
4253
4255
4254
4256
4261
4031
4030
4033
4187
1972
3237
3354
3820
3829
4283
4287
4288
4289
2201
2045
3531
3971
4296
4208
4203
4205
3788
4189
2986
4198
4195
4175
4176
4177
4170
4171
4178
4291
4067
4064
4257
3878
3875
3876
3877
3906
3902
3903
4166
4163
4162
4168
2141
4226
3279
4248
4223
3941
2890
4084
4086
4087
4088
3861
3735
3917
3911
3918
4155
4158
4159
4032
4034
4036
788
4093
4092
4097
4096
4095
4099
3922
3920
4140
3856
3851
3589
4308
3458
4314
3734
4229
3939
3938
3933
3932
4133
4134
4136
3916
4045
2592
4150
1916
3970
3989
3982
4303
4302
4238
4233
4231
4230
3948
3940
4128
4123
4121
4199
4127
4124
4218
3840
4055
4050
3614
3842
3959
4117
4114
4112
4110
4111
4118
4119
4062
4063
4060
3602
4300
4213
4201
4101
4102
4106
3899
3897
4204
3895
4079
4075
4074
4076
4071
3966
3961
3637
3708
3560
4262
4263
4264
4265
4266
3880
3889
4008
4009
4001
4003
4004
4005
4007
3972
3621
4120
3960
4125
4271
1028
4272
4275
4019
4016
3988
3984
3985
3981
2255
4246
4247
4244
4245