4446
4448
4449
4436
5980
5981
5984
3998
3994
3990
4930
4933
4683
4732
4736
5856
5850
5852
5858
5859
4788
4654
4657
4656
4651
4650
4653
4652
4520
4659
3968
2446
4149
4148
4815
4819
4142
5298
2686
5405
5404
5055
4525
5451
5453
4250
4252
4255
5530
5537
5536
5539
5538
4260
4521
4592
4266
5628
4383
5626
4381
5624
5623
5622
5621
4384
4849
4183
4182
4594
3832
5995
4035
5992
5998
4737
4734
4842
5525
4739
4728
5844
5843
5842
5841
5840
3747
4620
4621
4406
4628
4629
2271
5200
2453
4980
4537
4822
4820
4821
4633
4795
5739
4982
5149
3523
4538
4534
5449
5448
5443
5442
5441
5440
5447
4535
4917
5444
5507
5505
5502
5500
5619
5612
5610
5611
5616
5617
5614
5615
4532
4282
4286
4289
4133
5270
5271
4758
4759
5272
4750
4756
4757
5871
5878
4664
5371
3755
4632
4639
5372
4666
4810
4817
4816
4838
4529
4831
4837
4836
4422
2510
5296
5297
5294
5295
5292
5059
4425
5050
5468
4334
4952
4953
4135
4951
2844
5476
5477
5474
5475
5472
5473
5478
5479
5275
5273
5519
5511
5513
5512
5517
5516
5129
4691
5604
5601
5600
5603
5602
5609
5608
5133
5132
5131
3812
3813
4648
4299
4298
4295
4297
4296
4291
4290
4292
4686
4695
4923
4749
4748
4740
4747
4745
4744
5869
5864
5863
4607
4604
4602
4603
4600
4601
4203
4519
4512
4511
4514
4515
2501
5289
5281
5280
5283
5284
5287
5048
5047
5045
5044
5043
5042
5041
5040
4996
4997
4994
4995
4992
4993
4990
4991
4998
4268
5182
5183
5467
4189
5187
5269
5268
5188
4575
5189
5437
4190
5670
5671
5672
5673
4358
5675
5677
5678
5679
4356
4357
4352
6000
4677
4672
4906
5708
5704
5706
5700
5701
5703
4776
4774
4775
4772
4770
4778
4779
4176
4177
4172
4178
5819
5810
5811
5815
5817
4889
3161
4618
4611
4612
4615
4614
4617
5925
5920
5922
5357
5356
5355
4885
4504
4506
3380
5450
2713
5454
5078
5079
5072
5077
4985
4984
4987
5383
5384
5387
5388
5389
4642
4409
4404
4259
4407
5497
5493
5257
5259
4979
4062
4061
4257
4975
5532
4971
4972
4181
4180
5534
4185
4187
5662
5667
5666
4345
5668
4343
4340
4865
3877
5717
5715
5714
5711
5710
3902
4761
4763
4762
4765
4764
4766
4769
4166
4165
4164
4163
4162
4160
4168
5809
5803
5801
5806
5936
5935
5934
5933
5939
4573
4576
4605
5067
5061
4880
4882
5068
4887
4401
4402
1822
4978
4974
4976
4973
5392
5391
5390
5394
5399
5398
5748
4226
4220
4221
5587
5489
5487
5486
5485
3312
5483
5482
5481
5480
5243
5242
4380
4385
5656
5249
5654
4371
5653
5650
5248
2899
4811
4456
4082
5246
4084
4086
4087
4243
4089
4712
3866
5240
4459
5722
5720
5727
5724
5725
4908
4690
4693
3918
4798
4794
4927
4796
4797
4790
4791
5834
5835
4156
4697
5830
5831
4158
4159
4338
5838
5902
5900
5906
5907
5904
5908
5909
3489
4139
4561
4567
4566
4565
4899
5013
5015
5016
5017
4897
4896
4894
4419
3840
3842
4968
4967
4966
3846
5431
5128
5436
5127
5120
5123
5434
4277
5239
5233
5234
5237
3786
5344
5345
5347
5348
4364
4362
5649
5648
5641
5640
5642
5644
3109
4278
4279
4091
4859
4095
4858
4585
5731
5730
5738
4586
4581
4580
4851
4724
4727
3923
3925
4789
4782
5820
5823
5825
5824
5827
5826
4147
4140
4377
5238
5919
5918
5915
5916
5911
4550
5003
5002
5007
4308
2163
4916
4540
3298
5138
5136
5425
4428
4589
5228
5223
5222
5221
5220
5226
5225
5224
5401
5354
5353
4310
4313
5235
4316
4317
4429
5461
5465
5466
4587
5743
4228
4227
4222
5585
5582
5583
5588
5266
5264
5263
5262
4138
5261
4434
4130
4131
4132
5260
4136
4137
5692
5690
5691
5694
3849
4431
5699
4465
4430
5303
5374
4432
5305
5306
5307
4044
4315
5969
4088
5960
5961
5963
5964
5965
4543
4542
4544
4547
4828
4826
4461
4827
4155
5038
5035
5032
5033
5030
4940
4949
4948
4361
4152
4327
5104
3441
5216
5217
5214
5215
5213
5211
5245
5218
5219
4596
3985
5247
5360
4302
4300
4307
4306
4304
4212
5101
5752
5751
5750
5757
5756
5754
4237
4236
5759
4234
4230
5591
5593
5592
5599
4598
4217
3440
4211
4129
4122
5689
5684
5686
5681
5680
5683
5682
2750
4705
4218
4704
4701
4700
5194
5978
5971
5977
4355
5028
5020
5191
5025
5026
4447
3720
4687
4935
4938
5114
5116
5111
5193
5119
5118
5192
4848
4844
4845
4846
4840
4841
4843
5254
5201
5202
5207
5206
5209
5199
5196
5190
4440
5379
5375
5377
4336
4337
4443
5180
4647
4209
5768
5769
5767
5764
5765
5762
5760
5761
4445
5565
5567
5560
5563
3950
4116
4117
4114
4115
4112
4113
4110
4111
4119
4898
5946
5945
5941
4069
5948
5949
5151
5786
5780
5782
5788
5153
5362
5152
4570
5155
4638
5367
4571
5364
2357
5369
4453
4452
4451
4455
4926
4924
5160
5161
5164
5165
5166
4857
4856
4854
4853
4852
4583
4850
4411
4410
5186
4964
5302
4390
4961
4321
4323
4322
5414
5415
5410
5411
5412
5418
4214
5779
5778
5771
5770
5773
5772
5775
5777
5577
5574
5573
5570
4206
4101
4103
4102
4107
4106
4109
4108
5178
3892
5952
4079
5959
5958
4077
4072
5796
5795
5793
5792
5790
5799
5798
3505
4468
4469
4462
4668
4660
4913
5173
5176
4235
5924
4868
4861
5349
5277
4893
4485
4486
4480
4481
4483
4488
4489
2905
5313
5311
4890
4238
5406
5400
5409
5408
5231
4262
4263
4265
1888
4466
4895
5543
5540
5544
5545
5891
5892
5893
5894
5895
5896
5897
5898
5278
3884
4918
949
4914
4915
4863
4661
4009
4860
4006
4715
4716
4717
4711
5197
4713
4120
4479
5170
4471
4473
4472
4476
6006
6007
6002
6003
4678
4676
4902
4905
4904
4671
4498
5146
5144
5145
5140
5141
5341
4877
4876
4870
5018
4879
4878
5426
5090
5091
5094
5097
4497
4496
4493
5322
5323
5320
5321
5329
4365
4367
4360
5432
4249
4273
4245
4986
5555
5554
5553
5552
5559
5558
4955
5883
5882
5881
5880
5887
5884
5889
5646
4019
4420
4703
4709
4426
4359
4415
6013
2191
6019
4645
4424
4630
4636
5159
4090
4096
4801
4802
4803
4804
4805
4806
4809
4094
2073
4098
5089
5088
5081
5080
5087
5086
5085
5084
2929
5733
5330
4663
5337
5336
5339
5338
4738
4965
4248
4246
4240
5520
5522
5632
5527
5528
5156
5022
5251
4399
5638
5639
5634
5635
5636
5255
5630
4442
5633
5258