1564
1526
1521
1522
1566
1523
1491
1492
1493
1496
1497
1498
1529
1667
1665
1662
1661
1451
1448
1537
1533
1532
1530
1622
1519
1310
1278
1472
1471
1476
1573
1572
1571
1577
1576
1575
1574
1374
1346
1483
1480
1489
1488
1659
1513
1652
1656
1655
1434
1433
1438
1502
1503
1500
1501
1504
1505
1508
1509
1619
1616
1615
1612
1610
1611
1578
1542
1541
1548
1468
1464
1467
1466
1463
1388
1385
1387
1649
1420
1589
1425
1427
1429
1428
1580
1581
1356
1517
1516
1511
1510
1608
1603
1602
1605
1604
1606
1447
1446
1445
1676
1672
1560
1561
1555
1554
1559
1558
1565
1419
1413
1415
1416
1417
1329
1568
1527
1520
1583
1630
1635
1638
1639
1595
1597
1596
1590
1593
1598
1569
1440
1563
1449