1197
1173
1172
1289
1349
1370
1375
1374
1377
1379
1142
1141
1388
1384
1385
1386
1387
1380
1383
250
1153
1397
1396
1394
1393
1392
1391
1390
1321
1236
1276
1005
1224
839
1456
1103
1453
1025
1020
1444
1115
1440
1452
859
714
1470
1476
1478
1306
1308
773
1468
1464
1467
1466
1461
1334
1413
1414
1415
1326
1328
1527
1258
1085
1409
1402
1401
1400
1405
1337
1332
1352
944
1435
1432
1431
1439
459
1341
1342
1344
1345
1347
993
1425
1353
1351
1350
1356
1355
1354
1515
1445
1442
1441
1294
1189
1185
1293
1290
1381
1366
1363
1368