2317
2313
2267
2442
2443
2447
2444
2448
2839
2688
2680
2860
2861
2862
2866
1283
2275
2458
2457
2456
2453
2699
2697
2696
2693
2691
2871
2877
2876
2875
2879
2428
2422
2426
2427
2518
2514
2515
2735
2736
2737
2730
2732
2733
2739
2848
2844
2842
2840
2998
2999
3039
3034
3035
3033
2438
2432
2431
2430
2437
2509
2508
2505
2504
2503
2502
2501
2727
2726
2724
2721
2729
2859
2858
2850
2855
2854
2856
3029
2982
2980
3022
2985
3020
438
2538
2532
2533
2530
2534
2535
2712
2710
2711
2717
2714
2405
2402
2151
2400
3018
3019
2794
2882
2886
2887
2888
2230
2525
2709
2708
2705
2706
2702
2410
2413
2415
2418
3001
2660
2898
2895
2896
2890
2893
2550
2556
2559
2391
2779
2770
2775
2777
2800
2806
2173
2604
2600
2601
2608
2609
2958
3076
2950
2953
3109
3106
3107
2541
2540
2547
2549
2548
2380
2382
2385
2384
2387
2763
2761
2766
2765
2166
2616
2619
2618
2947
2946
2944
2943
2942
2940
2282
2578
2579
2576
2574
2572
2573
2570
2379
2370
2596
2590
2593
2119
2623
2621
2627
2750
2759
2978
2979
3058
2972
2973
2971
2976
3051
3125
1314
2569
2568
2563
2565
2564
2365
2363
2587
2585
2583
2581
2588
2639
2638
2637
2632
2741
2740
2745
2744
2748
2964
2967
2961
2960
2963
2968
3045
3044
3139
2975
2359
2352
2353
2354
2355
1891
2649
2640
2642
2644
2645
2910
2912
2913
2915
2917
2918
3140
3147
2825
2827
2820
2821
2347
2346
2341
2349
2659
2658
2652
2651
2650
2010
2900
2907
2909
2908
2837
2835
2832
2337
2338
2339
2488
2484
2482
2245
2467
2460
2462
2468
2798
2790
2796
2797
2066
2795
2666
2664
2665
2662
2663
2669
2938
2936
2937
2934
2935
2932
2930
2931
2808
2809
2801
2807
2055
2403
2322
2326
2328
2491
2493
2492
2497
2496
2257
2477
2472
2785
2787
2781
2780
2783
2782
2671
2673
2677
2929
2928
2920
2923
2926
2815
2814
2817