3773
3772
3770
3777
3779
3597
3519
3518
3441
1875
3834
3835
3836
3837
3831
3833
3749
3746
3743
3699
3690
3088
3527
3595
3238
3745
3827
3826
3825
3824
3823
3822
3821
3828
2768
381
3759
3751
3752
3757
3756
3686
3229
3812
3813
3811
3815
3782
3783
3780
3789
3710
3658
2981
3809
3807
3795
3791
3790
3793
3878
3879
3870
3871
3875
3903
2747
3572
2700
1726
3869
3867
3488
3641
3846
3465
3104
3850
3864
3670
3845
3844
3849
3916
3649
3691
3288
3611
3612
3725
3726
3432
3645
3131
2358
3737
3733
3731
3730
3388
3892
3891
3709
139
3569
3707
3087
3880
3883
3628
3625
3715
3579
3750
3768
3685
3304