2446
5453
5530
5537
5536
5539
5538
5626
5624
5525
5449
5507
5505
5502
5500
5501
5612
5616
5617
5614
5615
5468
5476
5477
5474
5475
5472
5473
5478
5479
5519
5511
5513
5512
5515
5514
5517
5516
5604
5607
5601
5602
5047
5467
5356
5450
5454
4984
1486
5497
5493
5532
5534
4978
5587
5489
5487
5486
5485
5483
5482
5481
5480
5224
5461
5463
5465
5466
5586
5585
5582
5583
5580
5588
5592
5111
4848
5568
5565
5567
5560
5578
5577
5574
5573
5570
4072
5543
5540
5544
5545
5432
5555
5554
5550
5553
5552
5559
5558
5520
5522
5528
5529
5630