1004
557
873
247
901
908
1090
1098
809
803
800
807
805
818
819
811
815
817
1129
1015
1016
992
933
931
930
935
828
823
795
792
798
926
1006
207
925
927
833
836
837
834
835
838
784
787
781
782
783
1038
1102
213
218
919
913
912
847
846
843
752
751
755
754
1032
1024
1027
1031
1023
1022
1029
1028
1034
1035
1113
1114
903
906
907
905
854
855
856
850
851
853
858
742
744
1051
1053
1054
1055
975
972
970
978
869
861
863
865
864
866
883
882
881
880
887
885
884
777
772
778
1041
1040
1045
964
965
966
967
960
961
962
963
878
879
876
870
871
891
896
898
762
761
764
765
1079
1077
1072
1073
1070
1071
1094
1092
1099
985
959
951
955
957
956
917
1069
1068
916
1060
1063
1062
1064
1067
1088
947
580
990
999
1026
732
736
937
988
983
981
722
723