1199
1198
1191
1195
1194
1197
1196
1177
1176
1175
1174
1173
1172
1171
1179
510
1285
1280
1283
1282
1288
1371
1375
1374
400
1379
1346
1247
1142
1147
1388
1383
1090
1158
1157
1151
1150
1397
1396
1395
1394
1392
1251
1490
1120
1126
1016
1230
1233
1139
1131
1137
1136
1001
1226
1223
1222
1212
1210
1211
1376
1208
1204
1200
1219
1357
1356
1354
1279
1270
1274
1277
1301
494
1045
1044
1262
1267
1266
1312
1311
1318
1331
1243
1322
1323
1320
1326
1324
1325
1329
1256
1254
1255
1061
1084
1402
1401
1400
1404
1339
1335
1334
1333
1242
1244
1249
705
1340
1347
325
1353
1201
1351
1355
1189
1187
1184
1185
1182
1164
1160
1163
1168
1290
1297
1294
1366
1367
1365
1369