2030
343
2919
2316
2310
2269
2263
2264
2265
2443
2444
2445
2448
2449
2188
2133
2048
2511
2839
3511
3515
2688
2634
2684
2685
2830
2682
2630
96
1993
1625
1624
1628
3209
3013
2860
2861
2862
1753
1750
1177
1875
1283
3430
1579
1572
1570
1577
1574
1240
3437
2743
1379
3092
2318
2319
3205
397
2521
2303
3204
2307
2335
2275
2276
3202
2279
2459
2156
2455
2451
2450
2452
2053
2057
2058
3522
3521
3083
2698
2697
2695
3082
2691
3226
1973
3236
3234
1615
1610
1611
2875
3357
3356
3351
3352
2061
2272
2064
2388
3322
3325
2769
2438
2099
2763
2098
2190
2191
2192
2200
2202
2205
2206
2207
2047
2421
2423
2427
2042
2342
2518
2519
2590
2512
2513
2195
2739
3533
3532
3534
1815
1819
2148
1608
1979
1601
1602
3221
2163
2434
2848
2849
2846
2847
2041
3323
3324
3326
3327
3329
1777
1776
1771
1556
1558
2992
2771
3032
1900
1974
3454
2331
2181
2180
2187
2186
2213
2211
2219
3549
2436
2237
2505
2503
2500
2726
2724
2721
1804
2019
2631
1948
1942
1940
3254
3255
3256
3495
3206
1621
2857
3330
3339
3338
1704
1709
3200
2333
1123
3208
3373
2983
3026
3024
2987
3020
435
2484
2480
2481
1850
2173
3065
3316
2467
2225
2221
3401
2089
2083
2081
3403
1431
2538
3402
3343
2530
2536
3340
2535
2712
3341
2718
3406
3344
2400
3091
1957
1958
3241
3244
1825
1824
3097
3308
3309
1711
2413
2142
1139
2417
1131
2062
3012
3017
2066
1535
2881
2888
3196
2085
2741
1923
2474
3194
1926
3112
2719
2742
3477
3470
1571
2230
2232
3190
3301
2049
2185
2666
2612
2746
2523
2528
2749
2709
2705
2706
2703
1826
1821
1823
2414
2411
3275
3272
1925
3270
1928
3278
3472
2410
3478
3199
3313
3312
785
1727
1722
1721
3005
3311
3310
1588
1582
1580
1586
1587
1584
2433
3317
2898
2895
1729
2891
1894
1893
2135
2285
2139
3489
2509
3480
2669
3487
2551
2552
2558
2396
2397
2394
2392
3075
2391
2398
2399
2802
2640
2170
2605
2606
2607
2603
3261
3260
3263
3262
3267
1938
3379
3469
3367
1736
1595
1032
1596
3074
1590
1593
1592
3078
2956
2957
2950
1023
3108
3105
3107
2000
482
2302
2469
2542
2541
2540
2545
141
2381
2383
2382
2384
2387
3297
2766
2764
1843
1846
2160
2461
2615
2611
2610
1946
3298
1908
1902
2128
3459
2046
2579
2574
744
3062
2949
2947
2945
3068
2942
2941
2940
1052
1057
1696
1697
1694
1695
1698
1794
3117
3116
3115
3111
3337
3336
1302
1499
1706
2136
2134
2289
2280
2282
2578
2576
3268
2571
2059
2378
2375
2377
2371
2372
2373
2591
1876
1874
1873
1870
2110
2111
2113
2114
2116
2623
2626
1851
3287
3283
3281
3444
2756
2757
2020
2021
2750
2758
2829
882
3148
2492
3056
2970
2971
3052
2977
1682
1268
3122
3123
3120
3121
3126
3125
1469
2092
2599
860
3446
2027
1331
2324
2690
2297
2296
2982
2561
2565
2564
2567
2367
2364
2585
2584
2582
2581
1860
1865
2108
2100
2107
2105
2637
2462
3302
3436
2036
3540
3541
3542
3543
3548
1966
3048
1962
3040
3042
3046
1679
1677
3134
3137
3132
3139
3138
1915
2491
2559
2493
1914
2497
1520
1522
309
2390
3059
2972
3054
2975
2772
2776
2352
2353
2350
1891
2993
2642
2644
2647
2780
3422
3427
3424
2002
2003
2001
2118
1857
3557
2172
3558
2177
2912
1798
1792
1791
1797
2854
1067
1667
1665
1662
1661
1660
3140
3022
3142
3143
3145
2824
2826
2822
1630
1336
1932
1931
1532
3098
1538
1935
2127
3195
3464
2346
2340
2348
3335
1889
2125
3371
2651
2657
2656
2655
2654
1930
2015
2016
2011
2129
3565
2902
2901
2906
3035
705
2909
3037
1653
1651
1656
1984
3153
3151
3150
3156
3155
3159
3211
1432
1981
1730
2157
3084
3081
3080
2124
1992
1983
1904
1881
2330
2338
2339
3073
1995
2010
2959
3077
2659
2955
2487
2485
2241
2243
945
2068
2799
2792
2793
2791
2796
3413
3264
3370
3577
2667
2665
2663
1748
2938
2939
2937
2935
2933
571
3168
3166
3165
3162
3160
3161
3364
3361
3363
2402
1357
2162
3392
1516
3187
3181
3183
3109
2112
1897
2299
2008
2320
2327
2325
1563
1565
2193
2259
2257
2194
2252
2671
2673
2672
2675
2676
2056
2921
2920
2923
2922
3214
3216
1635
1637
2904
1989
2814
2813
2819
2818
2037
3174
1744
1745
1746
1747
1740
42
1568
1569
1298
1561
1297
1566
2588
792