1866
2043
2040
2041
2049
1999
1998
1758
1757
1874
1752
1755
1281
2033
2030
2052
2056
2059
2058
1865
1612
1961
1962
1768
1769
1760
1788
767
1944
1814
671
1608
1978
1976
1975
1974
1775
1772
1779
1152
536
1806
1809
1990
1707
1996
2088
2089
2083
2081
2084
1839
2159
1955
1954
1957
1956
1829
1959
1958
1826
1717
2146
2062
2067
1921
1927
1827
1821
2144
2140
1923
1924
1925
1928
1929
496
490
1728
1722
631
1897
1893
1858
1852
1853
1856
1931
1934
1939
1938
847
750
1801
1799
1696
1697
1693
1277
1479
1304
1872
1870
1871
1876
1918
2028
2029
1910
1913
1917
1618
1868
2106
2035
2039
2038
1782
1786
1675
1622
1890
2137
2139
2002
2003
2006
2007
2004
2005
2008
719
1794
1933
1932
1536
1632
1889
1887
1886
1885
2129
2018
2015
2014
2017
2016
2012
1987
1984
1983
1888
313
1881
946
1597
1188
2069
1837
730
1793
2078
2072
2071
2070
2076
2075
1981
1988
1989
1748
1749
1745
1747
1742
1566
1712