6159
6378
6372
6374
6206
6208
3345
4385
5847
6362
6360
6216
6211
6402
6407
6179
6173
6170
6171
6358
6194
6196
6197
6223
6225
6228
6229
6072
6163
6165
5768
6342
6347
6183
6181
6180
6189
6235
6231
6233
6232
2853
6437
6240
6245
6252
6257
5664
6405
6259
6258
2894
5244
6410
6089
5902
6393
6267
6264
6263
6261
6268
6269
6062
5656
6095
6387
6381
6380
6383
6382
6389
6388
6270
6274
2168
5746
5968
6283
6284
6286
6281
6044
3617
6291
6290
6069
6020
6336
6338
3893
3622
6136
6137
2245
6313
6314
6318
6178
6120
6128
4702
6309
6304
6302