1
2
5
11
18
19
22
23
26
27
28
29
30
32
33
38
39
40
41
43
44
50
51
52
53
55
56
57
58
59
61
62
63
65
66
68
69
71
72
74
77
79
80
81
82
83
84
86
87
88
89
90
91
92
93
94
95
96
97
98
100
101
102
103
104
106
107
108
109
111
112
113
114
115
117
118
119
120
121
122
124
125
127
128
129
130
131
132
133
134
135
137
138
139
140
141
142
143
145
146
148
150
152
153
156
157
158
160
161
162
163
165
166
167
168
169
170
171
172
173
174
175
176
177
178
180
182
183
184
185
186
187
188
189
190
191
193
194
195
196
197
198
200
203
204
205
207
208
209
211
212
213
215
216
217
218
224
228
229
231
232
234
235
236
238
241
242
245
246
247
248
250
251
252
254
257
258
259
260
262
263
265
266
269
270
271
272
273
274
278
279
280
281
283
285
286
287
288
289
291
292
293
294
296
298
299
300
302
303
304
306
307
310
312
313
315
317
318
319
320
322
324
325
326
327
328
329
330
331
332
333
334
335
336
337
338
339
340
341
342
343
345
346
347
349
351
352
354
355
363
364
365
367
368
369
370
371
372
375
376
378
380
381
382
383
384
385
386
387
388
389
392
394
395
396
397
399
403
404
405
408
409
411
413
415
416
417
418
422
424
425
426
427
428
429
430
431
432
434
435
436
439
440
441
442
444
446
447
452
453
454
457
458
459
460
461
463
465
466
467
468
469
470
471
472
474
475
476
477
479
480
481
482
483
484
485
487
490
491
493
495
496
497
498
500
503
504
506
507
509
511
512
513
514
520
522
523
524
526
529
530
531
532
533
534
538
539
540
541
542
543
544
548
549
554
555
556
557
559
561
562
563
564
565
567
568
569
573
574
576
577
579
580
581
582
583
584
585
586
592
595
596
597
598
599
600
601
602
603
604
605
607
608
610
611
614
615
617
618
619
620
623
624
626
627
629
630
632
633
635
636
637
638
640
641
642
643
644
645
646
649
652
653
654
656
657
658
659
661
662
663
664
666
667
668
673
675
676
678
683
686
688
696
697
698
699
700
701
703
704
708
709
710
711
712
714
715
716
717
718
719
720
724
725
726
727
728
729
730
731
732
736
739
740
742
743
744
745
746
747
750
751
755
756
758
763
765
766
767
768
773
774
775
776
777
778
779
780
781
782
783
784
785
786
787
789
790
