4436
4252
4389
4383
4384
4186
4406
3755
4422
4425
4334
4333
3812
4299
4298
4295
4297
4296
4197
4358
4356
4357
4351
4352
4177
4173
3343
4391
4408
4407
4187
4343
4342
4340
3902
4157
4401
4402
4380
4385
4456
4338
4364
4362
2308
3923
4377
4374
4375
4423
4308
2163
4428
4310
4313
4316
4317
4429
3732
4434
4437
4431
4430
4432
4315
4361
4152
4327
3985
4303
4302
4300
4307
4306
4304
4239
4218
4355
3720
2039
4440
4339
4336
4337
4208
4455
4413
4411
2915
4390
4321
4323
4322
3892
4392
1888
4365
4367
4360
4224
4415
4424
4393
4444