4731
4388
4597
4594
4348
4621
4671
4281
4284
3757
4527
4336
4330
2992
4748
4515
5289
4574
4191
4356
4770
4179
4610
4615
4617
2532
4985
4347
4342
4571
4402
3478
4387
4376
4081
4151
4562
4564
3646
3645
3644
4419
4413
4365
4361
4092
5552
4786
3856
3852
4420
4425
858
3844
4432
4549
4548
4543
4435
2026
887
4304
4120
4441
4442
4448
4449
4686
4598
4338
4451
4450
4457
4455
4698
4588
4584
4411
4322
4326
4211
4213
4102
4070
3507
4372
4460
4664
4488
700
4661
4715
4717
4479
4477
4677
4676
4492
4519
4806
4391
4244