2
3
5
6
8
16
17
21
23
25
29
33
36
38
39
41
42
43
44
45
48
53
56
59
60
63
64
68
69
70
75
78
82
87
93
94
96
97
105
107
108
110
111
112
117
118
121
122
123
125
127
128
130
131
132
133
134
135
136
137
139
142
144
145
147
150
151
154
155
156
157
159
161
177
178
179
180
182
183
184
185
186
187
188
189
190
191
192
193
194
196
197
198
199
200
201
203
204
206
208
210
211
212
213
214
215
217
218
219
222
223
225
226
227
228
229
230
231
232
234
237
241
243
245
246
247
248
249
250
251
252
253
255
256
258
259
260
263
264
265
267
268
269
271
272
273
275
276
279
281
286
288
289
291
292
293
297
300
302
303
305
308
309
311
315
318
319
320
326
329
330
333
334
335
336
337
341
343
345
346
347
349
350
351
352
353
354
355
356
358
360
361
362
363
365
367
368
370
371
373
374
375
376
377
378
380
382
383
384
385
386
389
391
392
395
396
400
402
403
404
405
406
407
408
409
410
411
413
415
416
417
419
420
421
422
425
426
427
428
431
432
433
434
435
436
437
438
440
442
443
444
446
447
448
449
450
452
453
454
455
456
457
464
465
466
467
468
469
470
471
472
473
477
479
480
481
482
483
484
485
487
488
489
490
491
493
495
496
498
499
500
501
506
507
508
510
511
512
516
518
519
524
529
530
532
533
534
535
537
538
539
541
542
543
544
547
549
550
551
555
556
558
562
563
566
567
568
569
570
572
574
576
579
582
586
587
588
589
591
593
596
597
598
599
600
601
602
604
606
607
608
609
611
612
614
615
622
623
624
626
627
630
631
633
635
636
637
638
640
642
644
647
648
651
655
656
657
658
664
665
668
669
672
673
677
678
681
682
683
684
687
688
689
691
692
693
696
698
708
709
710
712
716
717
718
719
720
721
722
724
729
731
732
733
734
735
737
738
741
744
746
747
749
750
751
754
756
758
763
764
765
766
769
772
773
774
775
778
782
783
784
785
786
789
790
792
794
795
796
797
798
799
800
804
808
809
814
820
821
822
827
831
836
839
844
846
850
853
854
855
861
864
867
870
874
877
880
881
882
884
886
888
893
897
898
899
900
902
904
905
907
908
909
913
916
921
926
927
930
937
938
957
958
961
962
963
965
973
975
976
977
980
981
983
985
992
993
994
999
1007
1012
1013
1018
1019
1020
1025
1027
1028
1030
1033
1034
1038
1042
1046
1048
1049
1050
1051
1052
1055
1057
1058
1059
1060
1061
1062
1063
1068
1069
1073
1074
1076
1081
1082
1083
1086
1087
1089
1090
1094
1095
1096
1097
1103
1104
1105
1107
1108
1109
1111
1117
1119
1124
1125
1134
1136
1138
1139
1140
1141
1142
1143
1144
1146
1147
1150
1152
1153
1154
1155
1156
1160
1161
1163
1165
1166
1168
1169
1170
1171
1174
1175
1176
1179
1181
1182
1184
1185
1189
1190
1191
1192
1193
1200
1201
1203
1206
1208
1210
1212
1214
1216
1219
1220
1221
1222
1226
1229
1232
1236
1238
1239
1241
1246
1247
1251
1252
1253
1254
1256
1262
1263
1264
1265
1267
1268
1269
1270
1271
1273
1277
1282
1291
1292
1293
1294
1297
1299
1305
1307
1311
1315
1316
1317
1318
1319
1321
1322
1323
1324
1326
1327
1328
1331
1333
1334
1335
1336
1337
1338
1339
1340
1342
1343
1344
1345
1346
1351
1352
1353
1354
1355
1357
1358
1361
1367
1373
1374
1377
1379
1380
1382
1384
1386
1387
1388
1389
1390
1395
1397
1400
1403
1406
1408
1411
1412
1413
1414
1417
1419
1427
1430
1431
1432
1433
1437
1439
1440
1448
1451
1454
1459
1465
1466
1471
1474
1478
1481
1483
1489
1490
1493
1494
1495
1496
1497
1499
1501
1503
1504
1505
1509
1510
1513
1514
1521
1522
1533
1535
1536
1538
1540
1550
1551
1552
1553
1557
1560
1562
1564
1572
1573
1575
1576
1578
1581
1583
1584
1585
1590
1591
1596
1597
1598
1601
1602
1603
1606
1610
1613
1615
1619
1620
1622
1624
1625
1627
1628
1629
1632
1638
1641
1642
1643
1645
1646
1647
1648
1655
1657
1659
1662
1663
1664
1666
1667
1670
1672
1673
1679
1683
1691
1695
1696
1697
1699
1700
1701
1702
1706
1713
1714
1715
1718
1719
1725
1728
1730
1732
1733
1744
1746
1750
1751
1753
1754
1755
1756
1758
1759
1766
1769
1770
1771
1773
1774
1778
1779
1781
1783
1786
1789
1791
1795
1796
1797
1798
1799
1807
1810
1811
1812
1815
1819
1821
1830
1831
1834
1835
1836
1837
1839
1840
1843
1844
1849
1851
1852
1857
1858
1860
1861
1862
1863
1864
1867
1870
1873
1874
1877
1878
1883
1887
1888
1891
1894
1895
1897
1900
1901
1904
1906
1909
1910
1911
1913
1914
1918
1923
1926
1928
1930
1933
1937
1938
1939
1945
1946
1953
1964
1966
1968
1969
1972
1973
1974
1975
1979
1981
1982
1984
1986
1988
1992
