1200
1198
1191
1190
1195
1194
1177
1176
1175
1174
1171
1170
1285
1284
1287
1286
1281
1283
1282
1288
1240
1221
1246
651
1143
1146
1147
1148
1149
386
1158
1155
1157
1156
1151
1152
1256
1129
1120
1121
1122
1123
1124
1125
1126
1127
525
1014
1010
1013
1235
1230
1232
1233
1238
1239
932
1272
1139
1133
1132
1131
1130
1136
1135
1275
1008
1002
1000
1227
1226
1225
1223
1222
1220
1229
1228
922
1371
1033
1213
1211
1218
1106
1105
1100
918
849
1205
1204
1201
1210
1203
1202
1111
1117
1119
934
466
1107
1050
1278
1279
1270
1271
1274
1301
1302
1309
1082
973
1049
1269
1261
1260
1267
1266
1265
1315
1310
1319
968
890
1076
1074
1071
1323
1327
1325
5
1252
1253
1250
1251
952
1262
1264
1061
1083
1089
1338
1335
1330
1333
1241
1242
1245
948
946
703
1208
1112
1116
1187
1184
1182
1180
1164
1167
1163
1168
1298
1292
1295